09.09.13	284,11 	278,30 	284,78 	278,85 
06.09.13	283,15 	283,01 	287,43 	284,41 
05.09.13	286,09 	281,91 	286,93 	283,70 
04.09.13	285,34 	283,82 	287,41 	285,69 
03.09.13	287,87 	286,20 	289,96 	286,45 
02.09.13	285,87 	285,53 	288,44 	287,71 
30.08.13	291,99 	286,45 	292,30 	289,25 
29.08.13	293,77 	292,11 	297,09 	292,45 
28.08.13	295,33 	292,50 	296,82 	295,24 
27.08.13	283,57 	283,27 	291,84 	291,71 
26.08.13	286,76 	283,23 	287,05 	283,55 
23.08.13	284,35 	283,96 	288,55 	286,52 
22.08.13	281,87 	281,76 	284,42 	284,30 
21.08.13	281,75 	280,85 	284,35 	282,02 
20.08.13	279,21 	278,59 	284,80 	282,30 
19.08.13	285,16 	281,01 	286,57 	281,05 
16.08.13	285,59 	282,83 	286,92 	284,53 
15.08.13	285,59 	283,36 	286,99 	285,50 
14.08.13	293,79 	292,60 	297,85 	297,79 
13.08.13	290,68 	290,40 	295,28 	294,96 
12.08.13	290,98 	288,08 	291,64 	290,48 
09.08.13	287,14 	285,86 	291,25 	290,97 
08.08.13	287,95 	281,89 	288,39 	286,35 
07.08.13	291,00 	286,20 	292,01 	287,57 
06.08.13	294,37 	288,87 	298,00 	291,16 
05.08.13	300,13 	293,74 	300,26 	294,59 
02.08.13	302,76 	298,13 	302,76 	299,35 
01.08.13	299,37 	298,36 	304,34 	302,35 
31.07.13	296,43 	292,64 	300,18 	299,85 
30.07.13	298,03 	296,70 	299,22 	297,30 
29.07.13	300,00 	297,00 	301,45 	298,20 
26.07.13	299,07 	297,90 	301,05 	300,78 
25.07.13	300,08 	295,21 	300,95 	299,50 
24.07.13	303,84 	300,47 	304,31 	302,10 
23.07.13	301,96 	299,25 	304,73 	303,36 
22.07.13	307,30 	301,75 	307,31 	301,97 
19.07.13	307,01 	302,21 	309,05 	306,69 
18.07.13	303,61 	301,73 	305,65 	305,65 
17.07.13	302,39 	301,35 	306,20 	303,27 
16.07.13	311,47 	309,45 	314,90 	312,92 
15.07.13	311,34 	307,15 	312,60 	311,44 
12.07.13	305,05 	303,43 	314,31 	312,10 
11.07.13	300,64 	298,21 	304,40 	304,00 
10.07.13	294,85 	294,67 	301,73 	299,87 
09.07.13	288,35 	287,28 	293,34 	293,17 
08.07.13	289,09 	287,65 	292,28 	287,80 
05.07.13	284,35 	283,94 	289,79 	289,09 
04.07.13	283,43 	282,13 	284,22 	283,30 
03.07.13	280,80 	279,74 	285,22 	283,46 
02.07.13	275,14 	274,65 	278,80 	278,02 
01.07.13	271,72 	271,48 	275,77 	274,40 
28.06.13	272,95 	271,22 	275,05 	271,67 
27.06.13	272,59 	270,92 	273,85 	271,78 
26.06.13	270,90 	267,86 	272,36 	271,35 
25.06.13	271,81 	271,74 	274,94 	272,14 
24.06.13	273,30 	270,29 	274,96 	272,45 
21.06.13	278,38 	272,27 	279,89 	274,93 
20.06.13	283,02 	276,65 	284,80 	277,12 
19.06.13	287,45 	286,85 	289,27 	287,54 
18.06.13	285,13 	284,31 	287,35 	287,35 
17.06.13	288,84 	284,62 	289,52 	285,30 
14.06.13	284,60 	284,22 	290,14 	287,88 
13.06.13	280,97 	280,05 	286,59 	286,15 
12.06.13	280,03 	280,03 	284,05 	281,06 
11.06.13	284,68 	278,71 	285,15 	282,02 
10.06.13	288,40 	284,43 	288,40 	284,65 
07.06.13	285,45 	282,80 	288,55 	287,31 
06.06.13	282,51 	281,90 	285,28 	284,67 
05.06.13	282,40 	281,82 	285,53 	282,30 
04.06.13	279,10 	277,44 	283,09 	282,24 
03.06.13	274,70 	273,84 	282,18 	278,85 
31.05.13	281,31 	274,84 	281,31 	275,06 
30.05.13	278,96 	275,49 	281,96 	280,80 
29.05.13	284,13 	278,85 	284,15 	279,86 
28.05.13	282,59 	281,82 	287,05 	284,27 
27.05.13	281,34 	280,22 	282,08 	280,78 
24.05.13	281,81 	279,25 	283,25 	282,10 
23.05.13	279,65 	278,00 	282,23 	282,23 
22.05.13	282,00 	279,15 	282,27 	281,05 
21.05.13	289,26 	282,95 	289,48 	283,09 
20.05.13	289,65 	287,75 	290,43 	288,84 
17.05.13	286,00 	285,82 	290,49 	288,59 
16.05.13	284,03 	282,69 	288,74 	285,69 
15.05.13	283,35 	277,35 	286,97 	286,90 
14.05.13	283,55 	281,40 	285,17 	283,96 
13.05.13	284,61 	280,86 	285,27 	282,25 
10.05.13	287,29 	281,74 	287,99 	285,35 
09.05.13	286,03 	282,63 	288,40 	287,50 
08.05.13	283,14 	281,20 	287,11 	285,86 
07.05.13	284,49 	282,87 	286,38 	282,87 
06.05.13	284,30 	280,68 	286,62 	285,83 
03.05.13	277,42 	276,42 	283,45 	281,62 
02.05.13	271,70 	270,70 	278,04 	277,10 
30.04.13	282,00 	277,86 	282,78 	278,77 
29.04.13	280,88 	280,43 	282,46 	281,96 
26.04.13	280,05 	278,48 	282,89 	281,61 
25.04.13	276,63 	275,11 	281,15 	280,25 
24.04.13	272,42 	270,98 	275,75 	275,65 
23.04.13	275,50 	270,96 	275,50 	271,70 
22.04.13	276,51 	274,19 	279,73 	276,55 
19.04.13	276,16 	274,69 	277,48 	276,10 
18.04.13	271,80 	270,20 	276,11 	275,43 
17.04.13	278,36 	270,61 	278,56 	272,50 
16.04.13	274,10 	272,89 	278,10 	277,68 
15.04.13	275,57 	273,93 	280,45 	274,23 
12.04.13	284,36 	276,52 	284,36 	279,75 
11.04.13	286,00 	282,16 	288,44 	284,10 
10.04.13	292,61 	285,86 	293,55 	286,87 
09.04.13	291,81 	290,08 	294,70 	294,55 
08.04.13	287,74 	287,74 	292,39 	291,73 
05.04.13	289,44 	285,10 	291,34 	287,06 
04.04.13	291,11 	287,05 	293,03 	289,40 
03.04.13	303,07 	292,03 	304,48 	292,57 
02.04.13	308,96 	302,24 	310,00 	303,39 
28.03.13	310,71 	307,06 	311,47 	311,43 
27.03.13	310,46 	309,16 	311,92 	311,13 
26.03.13	305,63 	305,01 	311,40 	311,30 
25.03.13	305,12 	303,51 	310,08 	305,11 
22.03.13	304,75 	302,69 	306,91 	304,71 
21.03.13	309,60 	304,67 	311,11 	305,00 
20.03.13	304,88 	301,84 	310,60 	309,84 
19.03.13	310,11 	303,25 	311,07 	303,98 
18.03.13	311,08 	308,81 	314,05 	311,21 
15.03.13	313,00 	312,08 	316,31 	314,59 
14.03.13	313,27 	309,07 	314,01 	313,15 
13.03.13	316,70 	309,63 	318,69 	313,05 
12.03.13	314,73 	310,79 	318,80 	315,97 
11.03.13	322,67 	313,92 	326,70 	315,47 
08.03.13	313,41 	312,97 	320,92 	320,26 
07.03.13	311,23 	309,41 	313,85 	312,63 
06.03.13	314,79 	310,26 	317,08 	312,19 
05.03.13	309,82 	309,79 	315,20 	315,11 
04.03.13	311,84 	307,91 	314,78 	309,46 
01.03.13	309,51 	305,90 	314,00 	313,67 
28.02.13	308,44 	307,44 	314,75 	310,70 
27.02.13	320,18 	310,40 	321,48 	311,70 
26.02.13	322,69 	318,07 	323,65 	320,24 
25.02.13	327,58 	325,51 	331,94 	325,92 
22.02.13	324,33 	324,05 	327,67 	327,58 
21.02.13	323,54 	318,39 	324,53 	323,72 
20.02.13	331,37 	323,73 	331,81 	325,51 
19.02.13	332,53 	328,72 	333,01 	331,41 
18.02.13	331,42 	331,26 	334,23 	333,20 
15.02.13	332,49 	328,72 	334,38 	332,80 
14.02.13	327,21 	326,84 	333,09 	332,45 
13.02.13	326,20 	326,19 	329,53 	327,32 
12.02.13	302,86 	302,15 	305,16 	305,01 
11.02.13	305,00 	300,61 	305,23 	303,20 
08.02.13	300,83 	300,49 	306,47 	306,29 
07.02.13	305,47 	298,47 	306,92 	301,32 
06.02.13	304,02 	301,13 	305,23 	305,14 
05.02.13	301,20 	300,90 	305,28 	304,19 
04.02.13	304,74 	300,92 	304,88 	301,65 
01.02.13	303,13 	300,23 	306,61 	304,96 
31.01.13	303,70 	299,58 	303,91 	303,15 
30.01.13	296,96 	296,46 	303,92 	303,36 
29.01.13	293,71 	291,76 	297,87 	296,87 
28.01.13	288,36 	287,29 	295,25 	293,31 
25.01.13	287,29 	286,80 	289,86 	288,95 
24.01.13	285,51 	283,24 	288,75 	287,59 
23.01.13	284,38 	284,03 	286,58 	284,99 
22.01.13	281,51 	279,89 	285,79 	284,47 
21.01.13	280,85 	279,80 	281,28 	281,12 
18.01.13	278,36 	276,89 	281,81 	281,25 
17.01.13	273,95 	273,81 	278,95 	278,46 
16.01.13	272,45 	271,35 	274,68 	274,25 
15.01.13	274,45 	270,45 	275,94 	271,20 
14.01.13	274,22 	272,32 	275,60 	275,07 
11.01.13	278,00 	271,90 	278,60 	273,23 
10.01.13	278,69 	278,10 	281,82 	278,39 
09.01.13	277,30 	275,54 	278,22 	277,35 
08.01.13	278,30 	277,45 	280,76 	279,44 
07.01.13	276,26 	274,42 	278,92 	278,84 
04.01.13	278,27 	274,77 	278,37 	276,20 
03.01.13	279,38 	278,38 	280,67 	278,65 
02.01.13	279,55 	278,10 	281,32 	279,74 
31.12.12	275,11 	272,11 	278,05 	276,00 
28.12.12	280,00 	274,62 	280,14 	276,45 
27.12.12	280,22 	276,85 	281,14 	279,52 
24.12.12	271,17 	269,76 	272,74 	272,47 
21.12.12	274,20 	270,50 	274,24 	271,81 
20.12.12	273,55 	271,82 	276,09 	274,12 
19.12.12	268,78 	268,58 	273,90 	273,46 
18.12.12	266,61 	266,40 	269,59 	268,57 
17.12.12	266,50 	264,88 	267,19 	265,66 
14.12.12	262,86 	262,78 	266,77 	266,31 
13.12.12	264,66 	260,08 	264,79 	260,65 
12.12.12	262,44 	262,44 	266,52 	264,64 
11.12.12	260,35 	260,04 	262,09 	261,90 
10.12.12	261,75 	259,63 	263,84 	259,80 
07.12.12	259,91 	259,61 	262,42 	261,00 
06.12.12	263,75 	259,32 	265,88 	259,91 
05.12.12	268,96 	263,80 	269,49 	264,20 
04.12.12	271,96 	268,10 	272,47 	268,90 
03.12.12	273,63 	271,99 	276,18 	272,46 
30.11.12	272,61 	271,53 	274,37 	273,10 
29.11.12	269,35 	268,97 	273,88 	272,52 
28.11.12	269,80 	265,17 	269,90 	269,21 
27.11.12	270,86 	267,39 	271,25 	269,40 
26.11.12	272,03 	269,67 	272,33 	270,32 
23.11.12	270,37 	269,59 	273,38 	271,95 
22.11.12	271,81 	269,45 	271,81 	269,92 
21.11.12	269,35 	269,03 	272,73 	272,60 
20.11.12	272,61 	266,04 	272,64 	268,99 
19.11.12	270,53 	268,84 	275,00 	272,90 
16.11.12	265,65 	265,17 	268,50 	268,30 
15.11.12	266,20 	262,80 	267,98 	264,68 
14.11.12	265,56 	264,82 	270,81 	268,41 
13.11.12	266,49 	262,93 	267,03 	265,63 
12.11.12	270,95 	266,92 	274,54 	267,43 
09.11.12	261,57 	260,18 	270,85 	270,37 
08.11.12	261,07 	257,68 	262,78 	260,82 
07.11.12	269,90 	257,80 	270,42 	259,92 
06.11.12	263,16 	261,51 	271,42 	269,81 
05.11.12	257,92 	255,95 	263,36 	262,68 
02.11.12	262,50 	256,74 	265,45 	257,75 
01.11.12	263,81 	262,60 	267,12 	263,16 
31.10.12	263,66 	262,56 	269,38 	262,75 
30.10.12	264,78 	261,15 	265,25 	262,20 
29.10.12	265,13 	262,38 	269,88 	263,04 
26.10.12	262,21 	261,59 	266,13 	263,76 
25.10.12	259,84 	259,50 	263,50 	263,18 
24.10.12	259,99 	256,18 	261,43 	259,04 
23.10.12	264,27 	256,85 	264,34 	259,71 
22.10.12	268,32 	263,00 	269,01 	263,41 
19.10.12	273,30 	266,99 	275,90 	267,40 
18.10.12	277,01 	270,31 	277,01 	273,37 
17.10.12	280,03 	275,74 	280,81 	276,25 
16.10.12	285,62 	283,30 	287,59 	284,30 
15.10.12	287,40 	283,70 	289,84 	285,20 
12.10.12	293,70 	286,15 	294,17 	288,90 
11.10.12	296,00 	292,64 	297,18 	294,71 
10.10.12	295,50 	294,55 	299,22 	296,40 
09.10.12	291,55 	290,07 	298,02 	296,14 
08.10.12	294,11 	289,07 	296,21 	290,60 
05.10.12	293,36 	291,40 	297,61 	295,10 
04.10.12	281,77 	281,77 	291,59 	291,54 
03.10.12	285,46 	275,59 	285,50 	279,51 
02.10.12	291,68 	286,05 	292,84 	286,27 
01.10.12	292,01 	288,80 	295,36 	291,59 
28.09.12	290,64 	286,78 	293,31 	291,09 
27.09.12	287,50 	287,36 	296,18 	290,24 
26.09.12	282,80 	281,50 	288,28 	286,19 
25.09.12	278,80 	278,80 	282,79 	282,27 
24.09.12	279,43 	277,34 	280,44 	278,71 
21.09.12	278,68 	278,39 	282,63 	282,40 
20.09.12	272,80 	271,70 	279,40 	279,16 
19.09.12	283,50 	270,46 	284,00 	272,30 
18.09.12	284,20 	280,19 	287,22 	280,84 
17.09.12	293,75 	281,76 	293,86 	284,50 
14.09.12	291,38 	290,98 	295,00 	293,32 
13.09.12	299,37 	291,60 	299,78 	296,54 
12.09.12	306,00 	299,36 	307,96 	299,63 
11.09.12	302,75 	301,82 	304,72 	304,49 
07.09.12	299,59 	299,45 	305,23 	302,35 
06.09.12	296,19 	295,95 	301,98 	298,36 
05.09.12	294,90 	293,74 	296,53 	295,05 
04.09.12	298,44 	294,90 	300,25 	295,28 
03.09.12	295,60 	295,53 	299,48 	299,15 
31.08.12	291,19 	290,98 	297,75 	297,50 
30.08.12	292,49 	289,54 	293,07 	291,43 
29.08.12	292,71 	289,15 	294,15 	292,50 
28.08.12	295,29 	290,35 	296,68 	293,45 
27.08.12	300,07 	292,58 	300,91 	295,41 
24.08.12	294,66 	288,90 	296,62 	290,44 
23.08.12	296,65 	293,07 	297,60 	294,21 
22.08.12	290,95 	288,57 	294,54 	294,40 
21.08.12	287,65 	287,65 	292,00 	290,44 
20.08.12	287,57 	285,56 	288,61 	287,35 
17.08.12	287,61 	284,01 	288,66 	287,14 
16.08.12	307,24 	305,40 	309,34 	306,50 
15.08.12	300,93 	300,06 	308,83 	307,42 
14.08.12	301,00 	297,16 	301,09 	300,43 
13.08.12	301,93 	298,98 	304,32 	299,12 
10.08.12	299,86 	296,07 	301,46 	301,44 
09.08.12	297,83 	296,34 	301,01 	300,70 
08.08.12	298,14 	296,85 	301,70 	297,20 
07.08.12	291,59 	291,30 	300,81 	298,36 
06.08.12	292,20 	288,27 	293,40 	292,68 
03.08.12	288,00 	285,94 	295,00 	292,36 
02.08.12	284,20 	283,50 	289,23 	286,70 
01.08.12	277,43 	277,43 	285,09 	282,70 
31.07.12	280,48 	276,14 	282,16 	276,27 
30.07.12	280,30 	279,17 	282,43 	281,05 
27.07.12	275,55 	274,29 	279,98 	279,35 
26.07.12	271,68 	269,62 	276,50 	273,59 
25.07.12	269,94 	265,70 	272,46 	271,67 
24.07.12	277,62 	272,02 	278,26 	272,77 
23.07.12	280,16 	274,48 	280,64 	276,80 
20.07.12	283,26 	279,00 	284,60 	284,01 
19.07.12	279,48 	278,65 	284,60 	284,40 
18.07.12	273,53 	273,20 	278,73 	277,62 
17.07.12	272,95 	271,81 	276,42 	273,50 
16.07.12	281,64 	281,15 	286,00 	285,47 
13.07.12	280,47 	279,91 	282,84 	281,75 
12.07.12	276,58 	274,15 	281,34 	280,17 
11.07.12	274,40 	273,43 	278,06 	277,87 
10.07.12	273,20 	273,20 	277,83 	274,36 
09.07.12	272,52 	270,61 	277,42 	275,83 
06.07.12	274,33 	271,32 	275,22 	271,70 
05.07.12	270,22 	270,08 	279,28 	276,15 
04.07.12	271,52 	269,54 	272,08 	270,96 
03.07.12	264,39 	262,84 	273,06 	272,33 
02.07.12	260,22 	257,24 	263,67 	262,16 
29.06.12	250,40 	249,72 	257,61 	256,95 
28.06.12	249,76 	245,82 	250,14 	248,29 
27.06.12	252,00 	249,01 	252,92 	250,69 
26.06.12	250,14 	249,01 	252,72 	252,66 
25.06.12	247,78 	246,17 	250,50 	250,36 
22.06.12	246,97 	244,67 	248,74 	247,95 
21.06.12	248,98 	244,34 	251,59 	245,41 
20.06.12	256,55 	250,11 	257,03 	250,70 
19.06.12	258,36 	255,31 	259,50 	257,36 
18.06.12	264,52 	257,39 	265,07 	258,35 
15.06.12	261,93 	259,80 	262,81 	262,20 
14.06.12	258,75 	256,44 	261,46 	261,36 
13.06.12	265,10 	263,76 	269,22 	264,75 
12.06.12	264,16 	263,11 	266,74 	265,60 
11.06.12	273,18 	263,63 	273,18 	263,73 
08.06.12	264,50 	262,12 	269,91 	269,54 
07.06.12	269,10 	266,64 	272,47 	267,02 
06.06.12	268,42 	268,42 	272,52 	269,75 
05.06.12	269,01 	264,58 	269,11 	268,22 
04.06.12	262,38 	259,96 	267,98 	267,70 
01.06.12	271,19 	263,35 	271,57 	265,87 
31.05.12	276,15 	272,08 	277,35 	272,47 
30.05.12	283,29 	275,71 	283,29 	277,00 
29.05.12	284,86 	282,41 	287,19 	284,08 
28.05.12	284,97 	283,55 	285,91 	283,61 
25.05.12	282,18 	281,51 	283,78 	283,31 
24.05.12	281,21 	278,37 	282,79 	282,16 
23.05.12	284,89 	279,39 	285,00 	281,83 
22.05.12	287,15 	284,81 	288,15 	284,81 
21.05.12	283,59 	282,86 	287,05 	286,93 
18.05.12	279,84 	279,72 	284,06 	281,71 
17.05.12	285,99 	280,88 	287,20 	281,31 
16.05.12	286,69 	285,05 	289,64 	285,23 
15.05.12	295,41 	292,49 	297,62 	294,20 
14.05.12	300,06 	294,37 	300,11 	294,73 
11.05.12	298,32 	297,60 	301,08 	300,09 
10.05.12	302,00 	299,40 	302,49 	299,80 
09.05.12	299,73 	297,88 	302,55 	301,72 
08.05.12	298,37 	293,64 	300,36 	300,30 
07.05.12	296,25 	294,90 	298,69 	298,05 
04.05.12	304,77 	294,49 	304,79 	297,60 
03.05.12	307,93 	304,57 	309,79 	304,80 
02.05.12	310,20 	306,07 	310,94 	308,17 
30.04.12	314,40 	311,05 	314,43 	311,90 
27.04.12	312,16 	311,52 	315,08 	313,57 
26.04.12	311,99 	310,88 	314,10 	313,24 
25.04.12	312,19 	307,97 	313,91 	311,79 
24.04.12	314,05 	311,08 	314,50 	312,25 
23.04.12	310,98 	307,66 	314,90 	314,46 
20.04.12	311,94 	310,80 	314,77 	311,97 
19.04.12	315,06 	309,91 	317,18 	311,80 
18.04.12	317,00 	310,06 	317,38 	315,62 
17.04.12	318,40 	315,87 	320,45 	317,64 
16.04.12	323,00 	319,05 	324,81 	319,20 
13.04.12	334,58 	332,09 	336,50 	335,35 
12.04.12	329,57 	328,31 	336,03 	335,96 
11.04.12	323,75 	323,24 	329,83 	329,16 
10.04.12	329,15 	324,25 	329,50 	325,08 
05.04.12	334,05 	329,57 	334,57 	333,50 
04.04.12	339,98 	331,24 	341,03 	334,10 
03.04.12	337,76 	336,66 	342,45 	340,25 
02.04.12	333,43 	327,89 	338,96 	338,68 
30.03.12	334,93 	330,60 	337,61 	332,19 
29.03.12	336,70 	331,69 	339,16 	334,20 
28.03.12	336,37 	332,70 	336,53 	336,43 
27.03.12	338,92 	336,93 	339,85 	338,06 
26.03.12	336,62 	335,96 	339,75 	339,66 
23.03.12	334,40 	332,63 	339,27 	337,02 
22.03.12	333,75 	328,60 	334,01 	332,52 
21.03.12	335,30 	333,16 	335,91 	334,03 
20.03.12	334,54 	331,32 	335,48 	335,32 
19.03.12	335,30 	334,15 	337,50 	335,50 
16.03.12	328,86 	328,30 	336,00 	335,86 
15.03.12	334,01 	325,65 	334,42 	328,00 
14.03.12	335,52 	333,55 	337,49 	334,20 
13.03.12	334,11 	332,30 	336,81 	336,05 
12.03.12	332,90 	329,93 	332,91 	332,64 
09.03.12	331,25 	329,70 	333,98 	333,91 
08.03.12	329,52 	329,10 	332,64 	331,87 
07.03.12	325,29 	324,06 	329,14 	328,80 
06.03.12	325,90 	321,51 	326,30 	323,43 
05.03.12	327,18 	324,75 	328,74 	326,17 
02.03.12	332,54 	326,60 	332,54 	328,19 
01.03.12	325,64 	325,52 	337,98 	336,83 
29.02.12	323,75 	320,08 	326,45 	326,31 
28.02.12	328,50 	322,10 	329,36 	322,68 
27.02.12	331,24 	327,00 	331,31 	327,68 
24.02.12	329,57 	327,90 	332,45 	332,10 
23.02.12	326,48 	324,79 	329,50 	329,30 
22.02.12	325,20 	322,62 	327,27 	326,59 
21.02.12	321,25 	319,27 	326,02 	324,15 
20.02.12	321,60 	319,80 	322,74 	322,07 
17.02.12	320,65 	317,50 	320,81 	319,66 
16.02.12	316,31 	314,92 	320,74 	320,21 
15.02.12	316,20 	314,94 	318,65 	316,75 
14.02.12	314,75 	313,27 	316,40 	314,94 
13.02.12	314,80 	313,99 	316,65 	314,87 
10.02.12	300,60 	296,20 	300,61 	298,24 
09.02.12	298,80 	297,99 	301,41 	301,00 
08.02.12	293,17 	292,39 	298,80 	297,73 
07.02.12	292,80 	291,80 	295,33 	293,51 
06.02.12	290,93 	289,12 	294,22 	293,93 
03.02.12	287,24 	287,20 	292,31 	291,40 
02.02.12	289,20 	284,26 	289,83 	287,59 
01.02.12	290,34 	288,44 	294,66 	288,44 
31.01.12	288,27 	287,63 	290,95 	289,29 
30.01.12	290,31 	285,49 	291,36 	287,28 
27.01.12	284,95 	284,25 	296,34 	292,75 
26.01.12	285,34 	283,76 	286,90 	285,05 
25.01.12	281,38 	279,71 	286,22 	284,80 
24.01.12	278,81 	277,12 	281,81 	281,62 
23.01.12	278,48 	278,14 	281,78 	279,31 
20.01.12	282,96 	277,30 	283,38 	279,70 
19.01.12	283,69 	280,16 	284,48 	282,31 
18.01.12	279,55 	277,54 	285,43 	283,34 
17.01.12	278,87 	275,14 	280,71 	277,47 
16.01.12	275,58 	274,61 	277,21 	277,20 
13.01.12	275,73 	272,11 	276,79 	275,15 
12.01.12	277,86 	271,96 	282,20 	272,64 
11.01.12	278,57 	273,75 	279,37 	277,08 
10.01.12	277,09 	276,81 	279,80 	277,48 
09.01.12	276,18 	274,29 	277,36 	275,55 
06.01.12	274,30 	272,18 	276,41 	275,93 
05.01.12	278,25 	273,25 	279,12 	273,92 
04.01.12	274,86 	272,88 	278,88 	278,73 
03.01.12	269,43 	268,75 	275,68 	275,31 
30.12.11	267,65 	263,57 	268,53 	266,65 
29.12.11	265,07 	263,01 	267,04 	267,01 
28.12.11	267,51 	263,31 	268,80 	264,19 
27.12.11	267,23 	266,36 	270,75 	267,48 
23.12.11	264,43 	262,44 	269,26 	268,77 
22.12.11	262,79 	261,06 	264,70 	263,35 
21.12.11	258,79 	256,82 	262,50 	262,48 
20.12.11	250,88 	250,88 	258,97 	258,77 
19.12.11	248,35 	248,35 	253,18 	249,79 
16.12.11	252,52 	248,00 	253,41 	250,86 
15.12.11	253,77 	249,58 	255,69 	249,79 
14.12.11	262,68 	251,75 	262,68 	252,73 
13.12.11	257,00 	257,00 	264,69 	261,10 
12.12.11	259,28 	256,25 	261,28 	257,50 
09.12.11	255,26 	255,11 	260,96 	260,96 
08.12.11	259,54 	255,07 	261,50 	256,52 
07.12.11	264,69 	258,25 	264,85 	258,63 
06.12.11	260,23 	259,90 	264,77 	264,19 
05.12.11	265,43 	260,00 	266,75 	260,00 
02.12.11	261,78 	258,46 	264,50 	262,21 
01.12.11	257,35 	252,72 	258,50 	256,17 
30.11.11	253,50 	252,60 	260,00 	256,07 
29.11.11	251,12 	250,55 	256,32 	254,21 
28.11.11	250,59 	248,86 	254,65 	251,33 
25.11.11	251,95 	245,06 	253,31 	248,19 
24.11.11	254,04 	252,98 	255,39 	253,68 
23.11.11	252,32 	250,12 	254,29 	252,38 
22.11.11	250,50 	250,50 	256,44 	256,00 
21.11.11	249,86 	246,32 	251,18 	250,88 
18.11.11	251,06 	246,68 	255,12 	250,05 
17.11.11	261,28 	250,73 	262,48 	252,08 
16.11.11	258,58 	257,01 	263,28 	260,40 
15.11.11	253,68 	253,03 	260,40 	259,77 
14.11.11	261,52 	250,92 	261,83 	254,26 
11.11.11	264,17 	259,00 	265,84 	260,90 
10.11.11	264,00 	260,36 	266,97 	263,05 
09.11.11	272,45 	262,91 	272,92 	265,24 
08.11.11	273,83 	269,32 	275,47 	271,46 
07.11.11	269,56 	266,06 	274,13 	273,60 
04.11.11	264,65 	263,78 	268,05 	267,91 
03.11.11	259,39 	259,26 	265,36 	264,16 
02.11.11	263,10 	260,66 	268,38 	262,69 
01.11.11	258,40 	253,47 	262,56 	261,50 
31.10.11	262,54 	257,60 	264,34 	259,53 
28.10.11	270,07 	264,05 	270,98 	265,10 
27.10.11	266,42 	264,47 	272,93 	270,04 
26.10.11	267,90 	262,16 	268,90 	263,00 
25.10.11	267,00 	259,90 	267,88 	267,75 
24.10.11	269,46 	265,28 	269,46 	266,79 
21.10.11	265,75 	263,83 	270,69 	267,77 
20.10.11	263,26 	259,67 	267,35 	265,36 
19.10.11	273,16 	264,27 	273,53 	264,94 
18.10.11	267,87 	265,52 	273,70 	272,96 
17.10.11	277,53 	274,80 	280,90 	275,32 
14.10.11	271,50 	270,45 	277,32 	276,93 
13.10.11	267,93 	264,47 	270,33 	269,34 
12.10.11	275,10 	272,85 	276,79 	274,54 
11.10.11	269,50 	266,92 	275,57 	274,92 
10.10.11	265,82 	265,00 	272,00 	270,15 
07.10.11	267,85 	261,26 	268,89 	265,26 
06.10.11	258,96 	256,62 	267,66 	267,49 
05.10.11	253,25 	251,84 	256,90 	256,60 
04.10.11	251,42 	246,95 	252,83 	250,64 
03.10.11	252,05 	249,50 	254,46 	251,37 
30.09.11	257,50 	250,99 	258,06 	253,89 
29.09.11	258,50 	255,58 	261,55 	257,65 
28.09.11	260,81 	256,99 	264,22 	256,99 
27.09.11	257,40 	255,88 	264,53 	263,61 
26.09.11	248,13 	247,16 	255,75 	254,76 
23.09.11	256,73 	251,55 	259,77 	253,43 
22.09.11	261,67 	252,71 	261,67 	252,87 
21.09.11	268,55 	264,02 	272,02 	264,32 
20.09.11	267,75 	266,64 	271,18 	268,13 
19.09.11	273,48 	266,67 	275,39 	268,19 
16.09.11	276,40 	275,32 	280,55 	275,49 
15.09.11	270,47 	269,77 	278,30 	275,40 
14.09.11	271,10 	268,52 	274,60 	272,65 
13.09.11	274,93 	271,95 	276,42 	274,00 
12.09.11	272,64 	270,84 	277,30 	273,43 
09.09.11	288,23 	276,21 	288,61 	277,05 
08.09.11	290,76 	287,15 	291,54 	287,65 
07.09.11	283,42 	282,50 	290,73 	290,00 
06.09.11	278,37 	277,23 	284,19 	281,95 
05.09.11	281,46 	277,49 	281,46 	277,81 
02.09.11	289,53 	280,43 	289,90 	284,12 
01.09.11	287,53 	285,25 	291,81 	289,02 
31.08.11	284,62 	283,78 	287,97 	286,65 
30.08.11	277,69 	275,77 	284,52 	283,75 
29.08.11	276,10 	275,64 	280,86 	277,40 
26.08.11	280,83 	275,58 	280,99 	278,20 
25.08.11	277,30 	274,68 	280,75 	279,54 
24.08.11	274,67 	272,95 	278,07 	275,80 
23.08.11	272,37 	268,33 	276,04 	276,02 
22.08.11	264,72 	264,07 	271,68 	270,82 
19.08.11	264,50 	262,44 	273,24 	272,97 
18.08.11	273,65 	264,89 	273,65 	266,29 
17.08.11	272,15 	271,07 	276,82 	274,37 
16.08.11	269,96 	267,61 	271,78 	270,47 
15.08.11	282,60 	281,55 	287,24 	286,87 
12.08.11	281,55 	280,94 	285,72 	281,89 
11.08.11	279,40 	274,96 	283,90 	282,76 
10.08.11	272,18 	268,66 	278,46 	276,92 
09.08.11	266,79 	262,00 	275,62 	267,00 
08.08.11	273,03 	267,23 	276,49 	270,65 
05.08.11	271,31 	268,02 	281,60 	280,50 
04.08.11	291,66 	273,14 	293,05 	274,96 
03.08.11	300,08 	292,40 	301,23 	292,94 
02.08.11	304,21 	301,71 	309,16 	303,02 
01.08.11	310,84 	300,81 	314,42 	306,08 
29.07.11	306,50 	301,30 	306,67 	305,83 
28.07.11	310,16 	304,15 	311,28 	306,31 
27.07.11	310,50 	308,02 	311,97 	308,71 
26.07.11	308,66 	305,02 	311,82 	310,16 
25.07.11	307,70 	305,03 	309,05 	308,07 
22.07.11	307,54 	305,96 	309,54 	309,44 
21.07.11	309,99 	304,82 	310,48 	306,72 
20.07.11	307,85 	305,38 	309,53 	309,05 
19.07.11	305,62 	305,62 	309,60 	306,82 
18.07.11	307,89 	300,37 	307,89 	304,87 
15.07.11	305,59 	303,69 	308,96 	308,50 
14.07.11	313,82 	309,65 	315,83 	311,71 
13.07.11	309,90 	308,72 	317,22 	314,40 
12.07.11	305,88 	302,50 	309,86 	308,43 
11.07.11	309,71 	302,75 	309,73 	306,69 
08.07.11	311,62 	307,03 	312,93 	309,89 
07.07.11	301,93 	300,95 	311,93 	311,56 
06.07.11	299,54 	294,53 	300,12 	299,85 
05.07.11	295,50 	294,58 	301,48 	297,92 
04.07.11	297,35 	295,23 	297,60 	297,16 
01.07.11	295,88 	291,27 	297,57 	297,10 
30.06.11	294,33 	290,71 	297,03 	295,60 
29.06.11	280,87 	280,87 	293,07 	292,86 
28.06.11	273,80 	273,80 	281,90 	281,29 
27.06.11	269,27 	267,23 	275,89 	274,09 
24.06.11	281,02 	270,06 	281,02 	273,62 
23.06.11	289,83 	273,60 	290,19 	279,99 
22.06.11	283,97 	282,72 	293,50 	291,50 
21.06.11	286,47 	280,59 	288,17 	281,50 
20.06.11	286,34 	284,93 	288,23 	285,12 
17.06.11	288,69 	283,23 	289,67 	288,78 
16.06.11	290,90 	288,09 	293,03 	289,79 
15.06.11	305,34 	292,32 	305,55 	294,14 
14.06.11	301,26 	300,36 	306,38 	305,89 
13.06.11	300,80 	295,66 	304,75 	300,27 
10.06.11	303,70 	297,98 	303,77 	301,51 
09.06.11	299,11 	297,00 	304,42 	303,65 
08.06.11	297,54 	296,23 	302,19 	297,67 
07.06.11	293,89 	293,68 	300,11 	298,88 
06.06.11	298,50 	294,02 	300,66 	294,64 
03.06.11	297,29 	292,07 	300,09 	299,72 
02.06.11	297,66 	292,55 	300,11 	297,07 
01.06.11	305,08 	296,99 	305,52 	299,69 
31.05.11	304,80 	303,80 	308,89 	305,16 
30.05.11	301,85 	301,00 	303,44 	302,92 
27.05.11	301,81 	300,00 	303,50 	303,38 
26.05.11	300,79 	297,85 	301,48 	301,06 
25.05.11	292,06 	291,89 	299,30 	299,24 
24.05.11	291,80 	291,12 	298,45 	296,16 
23.05.11	289,15 	285,09 	292,00 	290,34 
20.05.11	288,26 	284,57 	293,90 	293,46 
19.05.11	291,80 	289,73 	296,85 	289,90 
18.05.11	289,69 	289,00 	294,60 	291,59 
17.05.11	289,77 	282,32 	292,08 	288,56 
16.05.11	300,03 	289,32 	300,68 	289,32 
13.05.11	306,74 	304,46 	313,75 	307,64 
12.05.11	313,31 	303,04 	315,53 	305,85 
11.05.11	335,22 	308,68 	335,90 	313,50 
10.05.11	327,34 	327,34 	338,02 	336,19 
09.05.11	313,91 	313,61 	329,35 	329,02 
06.05.11	311,80 	298,96 	318,20 	311,00 
05.05.11	331,93 	306,15 	333,50 	307,06 
04.05.11	331,25 	327,78 	333,40 	331,75 
03.05.11	333,35 	330,88 	335,90 	332,75 
02.05.11	337,39 	331,30 	341,26 	334,29 
29.04.11	336,00 	335,29 	340,15 	340,15 
28.04.11	337,99 	333,84 	340,25 	336,58 
27.04.11	330,23 	329,87 	336,92 	336,64 
26.04.11	326,43 	325,67 	332,12 	330,40 
21.04.11	326,05 	323,70 	327,86 	327,54 
20.04.11	321,45 	320,43 	325,22 	323,98 
19.04.11	321,14 	316,19 	322,20 	319,70 
18.04.11	324,73 	320,05 	324,89 	322,27 
15.04.11	321,15 	320,00 	326,04 	325,40 
14.04.11	321,42 	318,50 	322,94 	320,84 
13.04.11	318,60 	316,21 	324,35 	323,75 
12.04.11	318,22 	313,29 	322,93 	315,51 
11.04.11	325,10 	319,29 	325,92 	320,04 
08.04.11	321,50 	320,09 	326,68 	326,52 
07.04.11	318,25 	317,00 	319,61 	318,09 
06.04.11	318,94 	316,98 	320,93 	318,60 
05.04.11	316,75 	314,64 	320,38 	318,85 
04.04.11	317,31 	314,24 	317,50 	315,80 
01.04.11	310,98 	309,99 	316,02 	315,92 
31.03.11	307,69 	306,91 	311,71 	310,11 
30.03.11	304,30 	303,30 	306,72 	305,70 
29.03.11	302,86 	300,80 	305,28 	304,30 
28.03.11	304,62 	301,57 	305,74 	303,00 
25.03.11	305,30 	304,08 	306,65 	305,63 
24.03.11	302,06 	300,03 	305,47 	305,47 
23.03.11	302,47 	300,76 	304,12 	302,06 
22.03.11	299,74 	298,61 	302,72 	302,72 
21.03.11	300,75 	299,06 	301,88 	299,82 
18.03.11	298,04 	292,97 	300,04 	296,46 
17.03.11	285,70 	285,70 	296,89 	296,03 
16.03.11	280,89 	280,89 	287,95 	284,84 
15.03.11	286,44 	278,71 	289,59 	280,93 
14.03.11	295,72 	293,00 	296,94 	295,98 
11.03.11	300,57 	294,25 	300,67 	298,21 
10.03.11	303,72 	296,22 	304,09 	301,42 
09.03.11	294,00 	294,00 	302,67 	302,00 
08.03.11	297,62 	293,91 	300,98 	294,45 
07.03.11	307,84 	300,50 	308,84 	301,20 
04.03.11	304,27 	303,20 	305,35 	305,14 
03.03.11	299,71 	298,04 	302,84 	302,30 
02.03.11	299,75 	297,72 	304,50 	302,68 
01.03.11	290,17 	289,27 	298,69 	298,67 
28.02.11	293,21 	287,79 	293,88 	289,27 
25.02.11	290,00 	286,43 	291,60 	291,59 
24.02.11	295,01 	287,75 	299,74 	287,75 
23.02.11	276,97 	276,73 	288,06 	287,65 
22.02.11	280,84 	274,24 	282,08 	275,50 
21.02.11	271,36 	271,33 	276,34 	275,46 
18.02.11	266,77 	263,53 	270,05 	269,15 
17.02.11	268,33 	266,28 	269,45 	267,57 
16.02.11	263,38 	263,35 	268,93 	267,76 
15.02.11	266,19 	260,20 	267,30 	261,78 
14.02.11	263,17 	262,75 	268,96 	265,78 
11.02.11	263,26 	260,51 	264,98 	262,73 
10.02.11	266,06 	261,19 	268,21 	262,97 
09.02.11	263,10 	261,89 	267,05 	266,99 
08.02.11	245,90 	242,50 	251,19 	249,92 
07.02.11	244,75 	243,64 	247,26 	245,20 
04.02.11	251,06 	243,15 	251,75 	244,10 
03.02.11	251,35 	249,37 	252,86 	250,54 
02.02.11	251,49 	248,92 	252,26 	250,30 
01.02.11	249,40 	248,62 	253,28 	251,02 
31.01.11	248,23 	246,13 	252,96 	249,75 
28.01.11	243,00 	241,75 	248,81 	248,25 
27.01.11	245,01 	241,06 	246,42 	241,96 
26.01.11	237,97 	237,47 	246,22 	245,90 
25.01.11	243,70 	236,98 	243,79 	237,36 
24.01.11	249,25 	243,30 	249,25 	243,45 
21.01.11	244,93 	244,55 	249,13 	248,24 
20.01.11	248,71 	242,00 	248,71 	243,90 
19.01.11	249,93 	248,85 	251,50 	249,38 
18.01.11	250,00 	246,87 	251,85 	249,35 
17.01.11	250,00 	248,80 	250,50 	248,80 
14.01.11	247,03 	246,49 	250,60 	250,52 
13.01.11	246,30 	243,24 	247,01 	244,53 
12.01.11	246,79 	245,00 	247,95 	245,97 
11.01.11	245,11 	243,57 	248,70 	247,60 
10.01.11	242,70 	241,67 	246,86 	245,92 
07.01.11	244,36 	239,62 	245,51 	242,76 
06.01.11	245,47 	242,40 	247,28 	244,92 
05.01.11	239,00 	236,95 	246,05 	244,51 
04.01.11	242,73 	237,64 	244,49 	240,85 
03.01.11	243,67 	242,62 	246,66 	243,05 
30.12.10	240,87 	236,09 	241,17 	236,73 
29.12.10	240,19 	238,60 	240,19 	238,83 
28.12.10	240,48 	239,65 	241,90 	239,65 
27.12.10	242,92 	239,49 	243,05 	240,26 
23.12.10	240,90 	239,94 	242,81 	242,37 
22.12.10	239,43 	239,29 	240,80 	240,70 
21.12.10	236,95 	236,22 	238,32 	238,03 
20.12.10	231,68 	231,54 	236,42 	235,62 
17.12.10	231,06 	229,16 	233,70 	231,78 
16.12.10	230,90 	229,26 	232,24 	230,34 
15.12.10	228,90 	226,37 	231,47 	230,35 
14.12.10	231,32 	228,64 	232,36 	229,29 
13.12.10	233,59 	230,55 	235,47 	231,19 
10.12.10	234,33 	229,51 	234,67 	231,55 
09.12.10	232,99 	230,06 	236,07 	234,07 
08.12.10	229,41 	227,66 	232,50 	230,97 
07.12.10	234,31 	231,38 	236,20 	231,43 
03.12.10	234,79 	233,07 	236,42 	236,16 
02.12.10	230,59 	229,80 	236,00 	235,43 
01.12.10	221,44 	221,44 	230,15 	229,95 
30.11.10	222,00 	218,58 	222,90 	219,05 
29.11.10	218,35 	217,00 	222,62 	221,92 
26.11.10	215,59 	214,37 	217,10 	216,87 
25.11.10	215,30 	215,21 	217,70 	217,00 
24.11.10	209,83 	208,72 	217,20 	217,05 
23.11.10	207,85 	205,91 	209,90 	209,74 
22.11.10	214,41 	207,90 	215,00 	209,23 
19.11.10	216,45 	210,45 	218,00 	212,17 
18.11.10	213,04 	212,62 	216,97 	216,19 
17.11.10	210,27 	208,92 	212,85 	209,58 
16.11.10	215,10 	210,85 	215,88 	211,22 
15.11.10	217,05 	215,59 	219,40 	216,25 
12.11.10	220,57 	218,98 	225,27 	221,79 
11.11.10	224,61 	222,90 	225,40 	223,65 
10.11.10	218,91 	217,99 	224,50 	223,65 
09.11.10	217,71 	215,83 	219,51 	215,83 
08.11.10	218,30 	215,28 	218,40 	217,90 
05.11.10	218,52 	216,41 	218,62 	218,62 
04.11.10	214,75 	214,75 	218,22 	217,93 
03.11.10	211,72 	210,94 	214,85 	214,00 
02.11.10	209,95 	209,55 	212,24 	211,91 
01.11.10	206,95 	206,94 	212,57 	208,97 
29.10.10	206,96 	204,01 	208,39 	206,31 
28.10.10	207,34 	207,03 	209,79 	207,93 
27.10.10	206,69 	203,66 	207,86 	207,19 
26.10.10	205,95 	205,05 	207,88 	207,40 
25.10.10	207,38 	203,90 	209,11 	206,22 
22.10.10	204,60 	202,78 	206,28 	205,96 
21.10.10	206,45 	202,14 	208,10 	203,72 
20.10.10	204,66 	203,00 	207,29 	207,16 
19.10.10	211,61 	204,70 	212,00 	205,03 
18.10.10	207,42 	206,88 	212,87 	212,87 
15.10.10	212,52 	207,43 	213,01 	208,11 
14.10.10	217,53 	211,87 	218,50 	213,25 
13.10.10	213,43 	213,33 	216,62 	215,73 
12.10.10	214,90 	211,99 	216,16 	212,58 
11.10.10	216,28 	214,25 	217,17 	215,12 
08.10.10	211,82 	209,34 	215,40 	215,08 
07.10.10	216,84 	210,74 	219,94 	211,20 
06.10.10	213,17 	211,40 	216,10 	215,64 
05.10.10	209,50 	209,02 	212,40 	212,02 
04.10.10	209,77 	207,60 	212,10 	209,47 
01.10.10	204,76 	204,03 	208,99 	208,85 
30.09.10	197,95 	197,71 	203,79 	203,27 
29.09.10	194,42 	191,74 	199,04 	198,05 
28.09.10	192,79 	191,91 	196,49 	193,70 
27.09.10	194,54 	191,34 	194,83 	193,41 
24.09.10	190,56 	190,56 	195,40 	193,91 
23.09.10	190,25 	187,40 	192,60 	190,51 
22.09.10	191,95 	188,33 	193,20 	190,14 
21.09.10	194,34 	191,70 	196,49 	191,70 
20.09.10	192,94 	191,38 	196,88 	194,88 
17.09.10	193,92 	190,50 	195,14 	192,02 
16.09.10	193,53 	190,73 	195,17 	192,54 
15.09.10	195,91 	193,52 	196,23 	195,31 
14.09.10	198,19 	195,80 	199,93 	197,05 
13.09.10	199,23 	197,72 	201,07 	198,05 
10.09.10	194,84 	194,68 	197,86 	197,38 
09.09.10	193,85 	192,99 	196,50 	193,34 
08.09.10	192,90 	190,93 	195,89 	193,80 
07.09.10	190,65 	188,26 	195,85 	192,55 
06.09.10	191,79 	190,64 	192,50 	190,97 
03.09.10	191,41 	187,71 	192,71 	191,54 
02.09.10	188,91 	187,50 	192,45 	191,90 
01.09.10	187,45 	185,39 	190,73 	188,76 
31.08.10	189,60 	184,81 	191,97 	185,30 
30.08.10	191,94 	189,65 	191,94 	190,81 
27.08.10	186,66 	185,57 	192,07 	192,07 
26.08.10	183,08 	183,00 	187,40 	186,75 
25.08.10	181,58 	178,61 	183,05 	182,93 
24.08.10	182,70 	180,44 	182,79 	181,41 
23.08.10	187,20 	183,26 	188,11 	183,94 
20.08.10	187,75 	185,50 	188,43 	186,99 
19.08.10	190,47 	186,81 	192,01 	187,97 
18.08.10	189,63 	186,31 	191,24 	190,43 
17.08.10	188,83 	188,52 	192,40 	190,69 
16.08.10	195,29 	191,88 	195,50 	192,73 
13.08.10	197,72 	192,60 	198,12 	194,37 
12.08.10	199,21 	195,05 	199,47 	195,77 
11.08.10	207,75 	199,23 	207,93 	199,70 
10.08.10	211,00 	206,92 	211,00 	208,41 
09.08.10	212,40 	210,93 	214,31 	211,92 
06.08.10	216,52 	209,60 	217,80 	212,10 
05.08.10	217,26 	214,75 	217,39 	216,41 
04.08.10	218,47 	216,23 	219,61 	217,88 
03.08.10	216,92 	216,40 	219,65 	219,60 
02.08.10	212,98 	212,90 	219,21 	217,50 
30.07.10	209,55 	206,30 	212,35 	212,33 
29.07.10	206,74 	205,06 	211,46 	209,58 
28.07.10	206,26 	203,57 	206,72 	206,36 
27.07.10	210,67 	204,78 	212,04 	206,77 
26.07.10	211,86 	209,14 	212,45 	210,71 
23.07.10	213,56 	211,00 	215,10 	211,82 
22.07.10	206,50 	205,98 	214,21 	213,83 
21.07.10	208,36 	206,10 	210,41 	206,25 
20.07.10	207,14 	204,55 	208,31 	208,04 
19.07.10	204,50 	203,84 	209,46 	206,00 
16.07.10	205,56 	203,08 	206,64 	204,33 
15.07.10	206,42 	202,67 	208,41 	206,50 
14.07.10	207,20 	205,88 	208,80 	206,24 
13.07.10	202,20 	201,48 	208,94 	208,42 
12.07.10	205,85 	202,50 	207,35 	203,05 
09.07.10	206,36 	204,30 	207,54 	207,00 
08.07.10	204,14 	203,11 	207,31 	206,30 
07.07.10	197,36 	196,09 	203,27 	203,16 
06.07.10	196,98 	196,80 	203,22 	197,65 
05.07.10	199,11 	195,33 	199,44 	196,50 
02.07.10	199,59 	195,78 	200,21 	198,07 
01.07.10	204,40 	197,23 	204,45 	199,05 
30.06.10	205,65 	202,30 	207,90 	205,53 
29.06.10	209,97 	205,01 	210,02 	205,49 
28.06.10	215,07 	212,58 	215,07 	212,74 
25.06.10	208,05 	207,05 	216,00 	215,90 
24.06.10	207,97 	205,42 	208,91 	208,20 
23.06.10	211,88 	206,00 	212,65 	207,40 
22.06.10	213,44 	211,57 	214,73 	212,13 
21.06.10	217,97 	212,10 	218,53 	213,07 
18.06.10	215,21 	212,99 	215,67 	214,69 
17.06.10	213,58 	213,16 	216,45 	215,26 
16.06.10	211,10 	209,34 	214,76 	213,74 
15.06.10	206,33 	205,95 	211,82 	211,18 
14.06.10	207,90 	205,77 	210,77 	207,47 
11.06.10	207,76 	203,12 	208,40 	206,10 
10.06.10	204,20 	202,57 	208,29 	207,82 
09.06.10	198,93 	198,63 	204,96 	202,81 
08.06.10	200,40 	197,60 	201,40 	198,82 
07.06.10	197,90 	197,60 	202,10 	198,60 
04.06.10	207,10 	207,10 	209,60 	207,80 
03.06.10	206,20 	202,80 	208,50 	207,80 
02.06.10	198,00 	196,70 	204,50 	202,60 
01.06.10	198,50 	197,10 	205,30 	198,30 
28.05.10	200,00 	200,00 	200,00 	200,00 
27.05.10	200,00 	200,00 	200,00 	200,00 
26.05.10	200,00 	200,00 	200,00 	200,00 
25.05.10	200,00 	200,00 	200,00 	200,00 
24.05.10	200,00 	200,00 	200,00 	200,00 
21.05.10	200,00 	200,00 	200,00 	200,00 
20.05.10	200,00 	200,00 	200,00 	200,00 
19.05.10	200,00 	200,00 	200,00 	200,00 
18.05.10	200,00 	200,00 	200,00 	200,00 
17.05.10	200,00 	200,00 	200,00 	200,00 
14.05.10	200,00 	200,00 	200,00 	200,00 
13.05.10	200,00 	200,00 	200,00 	200,00 
12.05.10	200,00 	200,00 	200,00 	200,00 
11.05.10	200,00 	200,00 	200,00 	200,00 
10.05.10	200,00 	200,00 	200,00 	200,00 
07.05.10	200,00 	200,00 	200,00 	200,00 
06.05.10	200,00 	200,00 	200,00 	200,00 
05.05.10	200,00 	200,00 	200,00 	200,00 
04.05.10	200,00 	200,00 	200,00 	200,00 
03.05.10	200,00 	200,00 	200,00 	200,00 
30.04.10	200,00 	200,00 	200,00 	200,00 
29.04.10	200,00 	200,00 	200,00 	200,00 
28.04.10	200,00 	200,00 	200,00 	200,00 
27.04.10	200,00 	200,00 	200,00 	200,00 
26.04.10	200,00 	200,00 	200,00 	200,00 
23.04.10	200,00 	200,00 	200,00 	200,00 
22.04.10	200,00 	200,00 	200,00 	200,00 
21.04.10	200,00 	200,00 	200,00 	200,00 
20.04.10	200,00 	200,00 	200,00 	200,00 
19.04.10	200,00 	200,00 	200,00 	200,00 
16.04.10	200,00 	200,00 	200,00 	200,00 
15.04.10	200,00 	200,00 	200,00 	200,00 
14.04.10	234,19 	234,19 	234,19 	234,19 
13.04.10	231,77 	231,77 	231,77 	231,77 
12.04.10	230,83 	230,83 	230,83 	230,83 
09.04.10	230,29 	230,29 	230,29 	230,29 
08.04.10	230,82 	230,82 	230,82 	230,82 
07.04.10	232,07 	232,07 	232,07 	232,07 
06.04.10	234,99 	234,99 	234,99 	234,99 
05.04.10	234,93 	234,93 	234,93 	234,93 
01.04.10	232,03 	232,03 	232,03 	232,03 
31.03.10	230,13 	230,13 	230,13 	230,13 
30.03.10	226,71 	226,71 	226,71 	226,71 
29.03.10	225,87 	225,87 	225,87 	225,87 
26.03.10	220,43 	220,43 	220,43 	220,43 
25.03.10	221,57 	221,57 	221,57 	221,57 
24.03.10	221,63 	221,63 	221,63 	221,63 
23.03.10	225,49 	225,49 	225,49 	225,49 
22.03.10	224,78 	224,78 	224,78 	224,78 
19.03.10	224,38 	224,38 	224,38 	224,38 
18.03.10	228,61 	228,61 	228,61 	228,61 
17.03.10	229,92 	229,92 	229,92 	229,92 
16.03.10	226,48 	226,48 	226,48 	226,48 
15.03.10	221,91 	221,91 	221,91 	221,91 
12.03.10	225,24 	225,24 	225,24 	225,24 
11.03.10	227,20 	227,20 	227,20 	227,20 
10.03.10	227,98 	227,98 	227,98 	227,98 
09.03.10	225,58 	225,58 	225,58 	225,58 
08.03.10	227,85 	227,85 	227,85 	227,85 
05.03.10	226,58 	226,58 	226,58 	226,58 
04.03.10	222,96 	222,96 	222,96 	222,96 
03.03.10	224,34 	224,34 	224,34 	224,34 
02.03.10	220,09 	220,09 	220,09 	220,09 
01.03.10	216,37 	216,37 	216,37 	216,37 
26.02.10	219,32 	219,32 	219,32 	219,32 
25.02.10	215,29 	215,29 	215,29 	215,29 
24.02.10	220,76 	220,76 	220,76 	220,76 
23.02.10	217,16 	217,16 	217,16 	217,16 
22.02.10	222,34 	222,34 	222,34 	222,34 
19.02.10	220,67 	220,67 	220,67 	220,67 
18.02.10	219,01 	219,01 	219,01 	219,01 
17.02.10	214,18 	214,18 	214,18 	214,18 
16.02.10	212,90 	212,90 	212,90 	212,90 
15.02.10	200,00 	200,00 	200,00 	200,00 
12.02.10	207,06 	207,06 	207,06 	207,06 
11.02.10	208,58 	208,58 	208,58 	208,58 
10.02.10	206,97 	206,97 	206,97 	206,97 
09.02.10	189,66 	189,28 	194,79 	193,50 
08.02.10	188,60 	187,26 	190,84 	189,55 
05.02.10	194,80 	184,33 	195,59 	190,35 
04.02.10	202,88 	193,50 	202,91 	194,76 
03.02.10	202,92 	202,03 	206,47 	202,96 
02.02.10	193,45 	193,39 	202,15 	202,15 
01.02.10	191,38 	189,86 	194,43 	194,43 
29.01.10	192,14 	190,36 	195,61 	191,35 
28.01.10	194,93 	191,46 	196,34 	193,69 
27.01.10	197,60 	192,60 	198,74 	194,91 
26.01.10	198,74 	197,33 	199,41 	197,70 
25.01.10	197,49 	196,21 	201,13 	200,90 
22.01.10	199,62 	196,80 	201,05 	196,81 
21.01.10	205,78 	198,97 	207,57 	199,15 
20.01.10	206,16 	203,81 	206,75 	204,89 
19.01.10	206,14 	202,91 	207,90 	207,90 
18.01.10	206,00 	205,65 	207,32 	205,98 
15.01.10	207,50 	204,89 	208,35 	205,88 
14.01.10	207,83 	206,93 	209,42 	208,20 
13.01.10	206,24 	202,84 	208,24 	206,17 
12.01.10	214,00 	208,85 	214,60 	210,10 
11.01.10	217,68 	213,55 	219,23 	213,81 
08.01.10	213,45 	211,66 	217,08 	216,09 
07.01.10	212,62 	212,17 	214,25 	213,58 
06.01.10	210,95 	209,47 	214,53 	213,53 
05.01.10	211,50 	210,50 	213,00 	212,85 
04.01.10	207,77 	207,77 	211,31 	211,09 
31.12.09	206,60 	205,14 	208,43 	206,10 
30.12.09	204,93 	203,19 	206,05 	205,67 
29.12.09	204,48 	202,36 	205,63 	202,56 
28.12.09	202,29 	201,70 	204,72 	203,74 
24.12.09	199,64 	199,64 	199,64 	199,64 
23.12.09	192,75 	191,91 	198,96 	198,19 
22.12.09	190,17 	187,84 	192,55 	191,00 
21.12.09	192,02 	188,41 	194,11 	188,70 
18.12.09	188,42 	188,02 	192,25 	191,28 
17.12.09	189,51 	185,31 	189,51 	187,14 
16.12.09	187,94 	187,74 	192,18 	190,16 
15.12.09	186,10 	185,50 	188,82 	187,19 
14.12.09	186,27 	185,28 	187,50 	185,54 
11.12.09	183,80 	181,38 	184,77 	184,30 
10.12.09	186,89 	182,46 	187,67 	183,17 
09.12.09	193,95 	185,64 	195,16 	186,20 
08.12.09	194,00 	191,27 	195,40 	192,70 
07.12.09	197,85 	193,76 	197,85 	194,50 
04.12.09	199,30 	195,50 	203,42 	197,95 
03.12.09	200,39 	197,44 	201,53 	198,99 
02.12.09	203,20 	198,05 	203,22 	199,65 
01.12.09	201,11 	201,11 	206,10 	204,36 
30.11.09	196,92 	195,16 	203,40 	201,61 
27.11.09	193,50 	188,90 	198,14 	195,65 
26.11.09	200,02 	197,17 	200,54 	197,41 
25.11.09	196,55 	193,98 	202,45 	202,45 
24.11.09	198,74 	195,15 	200,87 	196,30 
23.11.09	201,95 	199,59 	205,55 	199,64 
20.11.09	199,95 	197,09 	201,21 	200,42 
19.11.09	204,35 	198,45 	204,60 	199,80 
18.11.09	205,09 	202,54 	207,55 	204,21 
17.11.09	201,00 	200,20 	205,18 	203,90 
16.11.09	197,26 	195,15 	202,99 	201,03 
13.11.09	197,24 	193,66 	198,82 	194,68 
12.11.09	201,78 	195,47 	202,06 	196,54 
11.11.09	199,90 	199,90 	203,41 	202,17 
10.11.09	196,80 	194,95 	201,50 	198,14 
09.11.09	195,49 	194,27 	200,58 	197,43 
06.11.09	199,80 	190,35 	200,02 	192,16 
05.11.09	199,55 	198,50 	202,21 	198,85 
04.11.09	199,07 	199,04 	203,10 	201,31 
03.11.09	198,15 	194,09 	201,00 	199,44 
02.11.09	196,40 	195,02 	200,20 	198,47 
30.10.09	202,48 	194,65 	202,53 	196,10 
29.10.09	196,97 	196,97 	204,05 	202,95 
28.10.09	206,06 	197,57 	206,06 	197,82 
27.10.09	204,35 	202,56 	206,84 	206,34 
26.10.09	204,50 	202,45 	210,05 	204,45 
23.10.09	206,96 	203,33 	206,96 	205,08 
22.10.09	205,22 	201,67 	206,20 	205,77 
21.10.09	199,15 	196,56 	208,59 	205,56 
20.10.09	200,86 	197,45 	200,96 	199,30 
19.10.09	199,53 	197,80 	200,76 	199,43 
16.10.09	196,41 	193,93 	199,65 	199,30 
15.10.09	190,01 	188,23 	195,05 	194,93 
14.10.09	185,67 	183,92 	185,96 	185,77 
13.10.09	180,77 	180,05 	183,21 	183,01 
12.10.09	178,95 	177,98 	181,63 	179,50 
09.10.09	176,81 	175,26 	178,90 	178,00 
08.10.09	173,90 	171,72 	179,35 	177,52 
07.10.09	178,70 	170,45 	178,93 	172,16 
06.10.09	176,36 	176,09 	179,67 	177,52 
05.10.09	174,34 	169,16 	176,40 	175,55 
02.10.09	174,50 	170,21 	174,50 	173,50 
01.10.09	173,95 	172,77 	177,80 	175,30 
30.09.09	165,82 	163,48 	174,95 	174,40 
29.09.09	164,87 	162,54 	166,02 	163,95 
28.09.09	162,80 	161,71 	166,51 	165,35 
25.09.09	165,26 	161,61 	166,11 	163,55 
24.09.09	171,23 	163,80 	171,75 	164,61 
23.09.09	178,13 	170,43 	178,97 	170,85 
22.09.09	176,85 	176,76 	180,84 	179,83 
21.09.09	183,30 	174,58 	183,30 	175,39 
18.09.09	185,10 	182,94 	185,43 	183,26 
17.09.09	184,18 	183,62 	187,07 	185,38 
16.09.09	177,95 	177,50 	184,96 	184,84 
15.09.09	174,05 	173,25 	179,50 	178,35 
14.09.09	172,75 	172,70 	175,71 	174,10 
11.09.09	180,76 	174,63 	183,35 	175,80 
10.09.09	183,46 	177,95 	183,91 	180,97 
09.09.09	183,44 	182,14 	185,62 	182,80 
08.09.09	177,34 	177,34 	186,05 	183,47 
07.09.09	177,49 	177,49 	179,00 	178,15 
04.09.09	179,28 	174,90 	180,36 	176,44 
03.09.09	181,34 	178,77 	182,96 	178,86 
02.09.09	178,87 	176,88 	181,96 	180,61 
01.09.09	181,94 	181,43 	185,25 	185,15 
31.08.09	189,30 	179,26 	189,30 	180,45 
28.08.09	188,47 	187,99 	191,42 	190,50 
27.08.09	183,50 	180,27 	189,11 	188,80 
26.08.09	188,15 	182,61 	188,74 	184,56 
25.08.09	191,21 	185,30 	193,89 	187,23 
24.08.09	190,60 	189,20 	193,00 	192,05 
21.08.09	187,55 	187,10 	190,43 	189,60 
20.08.09	191,70 	187,02 	191,70 	188,01 
19.08.09	186,10 	183,96 	192,48 	190,90 
18.08.09	181,05 	178,63 	188,50 	186,26 
17.08.09	180,62 	176,48 	182,08 	181,90 
14.08.09	192,17 	181,00 	192,17 	182,40 
13.08.09	204,19 	201,00 	208,31 	203,49 
12.08.09	203,75 	202,14 	206,71 	202,90 
11.08.09	204,20 	200,32 	204,65 	203,39 
10.08.09	199,33 	199,15 	203,80 	203,80 
07.08.09	205,69 	199,91 	207,59 	200,20 
06.08.09	204,85 	201,00 	206,67 	205,84 
05.08.09	204,43 	200,65 	205,70 	205,40 
04.08.09	205,95 	204,00 	207,08 	205,30 
03.08.09	202,98 	202,59 	208,00 	206,81 
31.07.09	196,01 	190,82 	201,44 	201,20 
30.07.09	181,86 	181,71 	195,95 	195,81 
29.07.09	187,30 	179,82 	187,30 	181,19 
28.07.09	191,02 	186,52 	191,62 	188,20 
27.07.09	190,60 	188,36 	191,37 	189,05 
24.07.09	188,00 	186,62 	190,09 	188,92 
23.07.09	182,09 	181,25 	189,33 	188,90 
22.07.09	179,08 	175,48 	182,00 	181,52 
21.07.09	177,35 	177,05 	181,94 	179,30 
20.07.09	177,00 	174,95 	178,95 	178,01 
17.07.09	170,54 	168,83 	176,39 	175,60 
16.07.09	169,65 	167,44 	171,02 	170,38 
15.07.09	166,55 	166,12 	171,49 	170,99 
14.07.09	165,45 	163,81 	167,07 	163,85 
13.07.09	164,23 	160,25 	166,53 	163,53 
10.07.09	165,61 	163,10 	166,45 	165,27 
09.07.09	165,45 	162,65 	167,90 	166,12 
08.07.09	171,24 	163,25 	171,82 	163,84 
07.07.09	174,15 	171,31 	176,71 	171,98 
06.07.09	174,55 	171,95 	175,73 	174,35 
03.07.09	178,72 	177,24 	178,93 	177,24 
02.07.09	185,20 	178,50 	186,00 	179,00 
01.07.09	191,81 	184,25 	194,66 	186,05 
30.06.09	197,15 	187,70 	197,32 	190,25 
29.06.09	186,60 	186,60 	194,95 	194,02 
26.06.09	190,74 	186,20 	192,68 	187,65 
25.06.09	186,19 	185,79 	192,47 	190,65 
24.06.09	185,52 	184,80 	187,68 	185,90 
23.06.09	183,66 	183,33 	190,42 	189,84 
22.06.09	192,50 	182,77 	192,50 	185,50 
19.06.09	199,90 	192,07 	201,85 	192,73 
18.06.09	200,60 	199,08 	201,67 	200,25 
17.06.09	203,94 	198,22 	204,00 	199,90 
16.06.09	202,15 	202,15 	208,40 	205,64 
15.06.09	200,19 	198,70 	203,45 	203,45 
12.06.09	203,20 	200,00 	203,76 	203,10 
11.06.09	201,65 	200,88 	205,16 	204,45 
10.06.09	198,06 	196,62 	201,34 	201,00 
09.06.09	194,98 	193,48 	196,80 	196,60 
08.06.09	193,70 	192,25 	196,24 	194,50 
05.06.09	198,01 	194,00 	198,55 	195,60 
04.06.09	190,18 	190,18 	198,15 	195,13 
03.06.09	193,58 	186,29 	193,58 	189,47 
02.06.09	191,88 	191,00 	193,75 	193,75 
01.06.09	190,96 	190,23 	193,33 	192,58 
29.05.09	187,88 	187,40 	190,10 	189,27 
28.05.09	183,60 	182,80 	187,60 	187,20 
27.05.09	184,23 	182,05 	185,40 	185,25 
26.05.09	179,41 	175,25 	183,50 	183,50 
25.05.09	179,60 	178,66 	179,69 	179,32 
22.05.09	179,43 	177,17 	180,55 	180,27 
21.05.09	176,60 	172,65 	177,37 	177,37 
20.05.09	179,50 	177,84 	181,79 	177,84 
19.05.09	175,71 	171,83 	177,69 	177,55 
18.05.09	167,03 	166,95 	173,06 	172,88 
15.05.09	170,40 	165,68 	171,00 	166,92 
14.05.09	167,20 	165,40 	170,98 	170,67 
13.05.09	168,40 	165,74 	169,88 	168,38 
12.05.09	167,50 	165,05 	170,10 	166,87 
11.05.09	168,40 	164,70 	168,40 	167,15 
08.05.09	169,54 	166,90 	170,60 	170,01 
07.05.09	165,20 	163,25 	170,10 	165,41 
06.05.09	157,55 	157,55 	162,61 	162,61 
05.05.09	158,46 	157,30 	160,15 	157,35 
04.05.09	152,33 	151,43 	156,75 	156,75 
30.04.09	146,00 	143,81 	146,93 	146,05 
29.04.09	140,81 	140,50 	145,25 	144,60 
28.04.09	139,00 	137,26 	140,15 	139,74 
27.04.09	141,90 	136,30 	141,90 	140,90 
24.04.09	139,40 	139,40 	144,97 	144,67 
23.04.09	138,90 	137,66 	140,70 	140,02 
22.04.09	141,50 	138,31 	142,71 	139,88 
21.04.09	142,00 	137,52 	143,94 	142,21 
20.04.09	148,00 	141,12 	149,20 	141,30 
17.04.09	148,65 	148,45 	153,32 	150,15 
16.04.09	147,30 	146,60 	149,22 	148,61 
15.04.09	149,28 	145,35 	149,28 	146,80 
14.04.09	145,80 	144,48 	148,00 	146,54 
09.04.09	146,30 	145,80 	150,50 	147,88 
08.04.09	143,45 	141,50 	149,58 	145,17 
07.04.09	148,45 	145,00 	149,55 	146,21 
06.04.09	151,26 	144,29 	151,90 	147,70 
03.04.09	145,10 	144,55 	149,59 	148,84 
02.04.09	137,72 	137,72 	147,64 	146,80 
01.04.09	139,12 	134,64 	139,60 	137,05 
31.03.09	140,85 	136,30 	142,30 	141,07 
30.03.09	147,50 	138,30 	148,35 	139,83 
27.03.09	153,26 	148,10 	153,54 	149,50 
26.03.09	152,27 	151,47 	154,68 	153,30 
25.03.09	150,82 	148,30 	152,25 	151,01 
24.03.09	150,50 	148,85 	153,30 	151,40 
23.03.09	149,24 	148,11 	153,96 	151,11 
20.03.09	145,12 	143,14 	147,11 	146,62 
19.03.09	139,94 	139,94 	147,55 	144,75 
18.03.09	142,41 	135,69 	144,11 	140,81 
17.03.09	136,80 	136,60 	143,53 	143,25 
16.03.09	134,00 	132,10 	138,88 	137,20 
13.03.09	134,96 	133,82 	139,80 	136,15 
12.03.09	125,78 	124,40 	135,05 	133,75 
11.03.09	129,14 	124,85 	130,80 	126,45 
10.03.09	133,60 	129,28 	135,55 	130,36 
09.03.09	134,05 	130,21 	136,84 	132,80 
06.03.09	133,33 	129,76 	133,76 	133,36 
05.03.09	137,00 	129,28 	137,00 	131,27 
04.03.09	131,67 	131,67 	138,08 	136,50 
03.03.09	129,00 	127,61 	132,12 	130,72 
02.03.09	135,35 	127,84 	135,35 	128,84 
27.02.09	138,60 	130,70 	138,60 	136,45 
26.02.09	127,27 	127,27 	136,60 	136,60 
25.02.09	118,83 	118,83 	127,62 	127,21 
24.02.09	115,64 	115,25 	119,95 	118,90 
23.02.09	119,50 	114,08 	121,15 	115,08 
20.02.09	117,74 	113,82 	118,95 	118,32 
19.02.09	115,30 	112,87 	119,81 	118,58 
18.02.09	119,00 	114,40 	121,15 	115,44 
17.02.09	130,10 	119,65 	130,37 	119,65 
16.02.09	130,00 	128,28 	131,80 	129,84 
13.02.09	134,50 	128,11 	134,80 	130,71 
12.02.09	135,88 	133,86 	137,60 	134,02 
11.02.09	134,40 	133,14 	139,63 	135,70 
10.02.09	134,25 	132,60 	139,05 	133,60 
09.02.09	132,26 	132,26 	138,64 	134,05 
06.02.09	126,34 	121,65 	128,12 	124,65 
05.02.09	122,70 	121,45 	127,40 	126,25 
04.02.09	117,03 	115,89 	123,00 	121,60 
03.02.09	116,46 	112,17 	117,17 	117,09 
02.02.09	125,50 	115,76 	125,50 	116,10 
30.01.09	124,38 	123,91 	129,76 	126,04 
29.01.09	120,05 	119,51 	125,20 	124,95 
28.01.09	114,14 	112,45 	121,58 	120,31 
27.01.09	120,20 	113,49 	121,84 	114,50 
26.01.09	117,36 	116,00 	124,00 	118,75 
23.01.09	110,50 	108,11 	119,71 	117,25 
22.01.09	119,50 	107,42 	121,56 	109,75 
21.01.09	117,62 	116,05 	119,17 	119,17 
20.01.09	115,35 	112,52 	119,50 	117,40 
19.01.09	120,00 	115,75 	120,00 	116,00 
16.01.09	120,74 	117,82 	121,60 	119,08 
15.01.09	118,50 	113,70 	122,50 	114,38 
14.01.09	118,99 	114,41 	120,75 	120,00 
13.01.09	112,21 	111,60 	119,33 	115,58 
12.01.09	114,90 	111,35 	114,90 	113,05 
09.01.09	110,40 	106,20 	111,30 	111,20 
08.01.09	109,13 	105,52 	110,91 	108,90 
07.01.09	117,50 	107,02 	119,74 	108,00 
06.01.09	117,77 	117,24 	122,54 	118,80 
05.01.09	113,80 	111,20 	115,70 	115,70 
02.01.09	101,70 	97,27 	110,19 	109,55 
30.12.08	90,90 	90,20 	91,44 	90,20 
29.12.08	91,16 	88,21 	96,14 	91,40 
24.12.08	90,50 	83,25 	90,50 	83,95 
23.12.08	92,21 	87,86 	94,22 	90,50 
22.12.08	102,33 	97,75 	102,33 	99,10 
19.12.08	102,00 	100,81 	102,93 	101,40 
18.12.08	105,20 	100,80 	108,29 	100,80 
17.12.08	110,45 	106,40 	112,79 	106,40 
16.12.08	109,90 	106,50 	113,91 	106,50 
15.12.08	113,35 	108,26 	120,46 	108,26 
12.12.08	104,70 	99,49 	107,31 	105,37 
11.12.08	98,50 	97,15 	110,49 	107,47 
10.12.08	96,90 	93,15 	100,25 	97,30 
09.12.08	95,38 	93,76 	97,00 	93,76 
08.12.08	95,30 	93,28 	97,15 	96,35 
05.12.08	98,00 	91,75 	98,72 	92,53 
04.12.08	101,01 	96,80 	103,35 	96,80 
03.12.08	107,31 	103,10 	107,32 	103,36 
02.12.08	108,00 	107,43 	113,15 	109,88 
01.12.08	119,03 	111,24 	119,03 	111,24 
28.11.08	120,00 	114,79 	120,50 	115,00 
27.11.08	118,50 	117,78 	120,80 	119,98 
26.11.08	112,95 	111,42 	120,10 	119,50 
25.11.08	115,00 	110,37 	115,61 	112,29 
24.11.08	110,48 	106,80 	119,05 	116,95 
21.11.08	106,64 	104,80 	108,89 	108,89 
20.11.08	112,00 	106,77 	112,00 	107,95 
19.11.08	117,50 	114,40 	118,79 	114,61 
18.11.08	121,01 	116,74 	121,47 	116,74 
17.11.08	125,35 	123,45 	129,94 	124,74 
14.11.08	132,85 	125,00 	132,85 	128,63 
13.11.08	127,40 	125,20 	134,03 	134,03 
12.11.08	129,43 	123,89 	129,43 	123,89 
11.11.08	133,48 	128,50 	133,48 	130,52 
10.11.08	140,05 	131,24 	143,50 	136,05 
07.11.08	135,25 	133,53 	136,75 	135,25 
06.11.08	141,75 	133,66 	143,50 	134,17 
05.11.08	150,50 	142,20 	151,85 	143,09 
04.11.08	136,60 	132,58 	155,82 	151,39 
03.11.08	150,90 	138,76 	150,96 	138,89 
31.10.08	142,24 	139,32 	143,45 	139,45 
30.10.08	156,72 	142,00 	156,72 	144,88 
29.10.08	146,89 	144,20 	153,90 	153,90 
28.10.08	144,68 	142,45 	146,11 	143,95 
27.10.08	144,39 	139,70 	148,17 	140,59 
24.10.08	153,07 	143,30 	153,07 	145,95 
23.10.08	154,59 	152,20 	157,84 	155,30 
22.10.08	159,10 	152,67 	160,50 	153,76 
21.10.08	172,15 	160,30 	172,15 	164,88 
20.10.08	167,25 	163,60 	172,28 	170,99 
17.10.08	168,25 	162,54 	171,17 	165,29 
16.10.08	170,48 	159,19 	172,40 	161,90 
15.10.08	187,39 	177,85 	189,25 	177,85 
14.10.08	195,99 	188,41 	199,75 	188,41 
13.10.08	187,90 	186,02 	193,43 	192,05 
10.10.08	194,10 	181,62 	195,78 	182,80 
09.10.08	203,00 	198,60 	206,40 	198,60 
08.10.08	203,93 	196,20 	207,00 	202,90 
07.10.08	210,80 	201,74 	212,02 	205,91 
06.10.08	218,58 	209,00 	218,58 	209,00 
03.10.08	223,00 	222,09 	228,00 	222,90 
02.10.08	236,50 	226,38 	236,50 	226,38 
01.10.08	249,00 	232,55 	250,11 	236,69 
30.09.08	237,85 	230,95 	244,16 	244,16 
29.09.08	257,89 	247,87 	257,89 	247,87 
26.09.08	260,76 	255,87 	261,12 	261,10 
