06.09.13	115,92 	115,92 	115,92 	115,92 
05.09.13	114,67 	114,67 	114,67 	114,67 
04.09.13	114,79 	114,79 	114,79 	114,79 
03.09.13	114,89 	114,89 	114,89 	114,89 
02.09.13	114,09 	114,09 	114,09 	114,09 
30.08.13	114,97 	114,97 	114,97 	114,97 
29.08.13	115,82 	115,82 	115,82 	115,82 
28.08.13	115,95 	115,95 	115,95 	115,95 
27.08.13	113,65 	113,65 	113,65 	113,65 
26.08.13	110,92 	110,92 	110,92 	110,92 
23.08.13	110,79 	110,79 	110,79 	110,79 
22.08.13	109,89 	109,89 	109,89 	109,89 
21.08.13	110,08 	110,08 	110,08 	110,08 
20.08.13	109,61 	109,61 	109,61 	109,61 
19.08.13	110,92 	110,92 	110,92 	110,92 
16.08.13	110,13 	110,13 	110,13 	110,13 
15.08.13	109,64 	109,64 	109,64 	109,64 
14.08.13	109,47 	109,47 	109,47 	109,47 
13.08.13	109,62 	109,62 	109,62 	109,62 
12.08.13	107,90 	107,90 	107,90 	107,90 
09.08.13	107,47 	107,47 	107,47 	107,47 
08.08.13	106,16 	106,16 	106,16 	106,16 
07.08.13	107,49 	107,49 	107,49 	107,49 
06.08.13	107,69 	107,69 	107,69 	107,69 
05.08.13	108,40 	108,40 	108,40 	108,40 
02.08.13	108,56 	108,56 	108,56 	108,56 
01.08.13	109,17 	109,17 	109,17 	109,17 
31.07.13	106,37 	106,37 	106,37 	106,37 
30.07.13	107,00 	107,00 	107,00 	107,00 
29.07.13	107,49 	107,49 	107,49 	107,49 
26.07.13	106,58 	106,58 	106,58 	106,58 
25.07.13	107,16 	107,16 	107,16 	107,16 
24.07.13	107,55 	107,55 	107,55 	107,55 
23.07.13	108,45 	108,45 	108,45 	108,45 
22.07.13	107,78 	107,78 	107,78 	107,78 
19.07.13	108,93 	108,93 	108,93 	108,93 
18.07.13	108,65 	108,65 	108,65 	108,65 
17.07.13	108,44 	108,44 	108,44 	108,44 
16.07.13	107,82 	107,82 	107,82 	107,82 
15.07.13	108,80 	108,80 	108,80 	108,80 
12.07.13	108,16 	108,16 	108,16 	108,16 
11.07.13	107,66 	107,66 	107,66 	107,66 
10.07.13	108,32 	108,32 	108,32 	108,32 
09.07.13	107,37 	107,37 	107,37 	107,37 
08.07.13	107,24 	107,24 	107,24 	107,24 
05.07.13	106,76 	106,76 	106,76 	106,76 
04.07.13	105,30 	105,30 	105,30 	105,30 
03.07.13	105,87 	105,87 	105,87 	105,87 
02.07.13	103,49 	103,49 	103,49 	103,49 
01.07.13	103,36 	103,36 	103,36 	103,36 
28.06.13	103,01 	103,01 	103,01 	103,01 
27.06.13	102,40 	102,40 	102,40 	102,40 
26.06.13	100,83 	100,83 	100,83 	100,83 
25.06.13	101,67 	101,67 	101,67 	101,67 
24.06.13	100,19 	100,19 	100,19 	100,19 
21.06.13	100,73 	100,73 	100,73 	100,73 
20.06.13	102,90 	102,90 	102,90 	102,90 
19.06.13	106,06 	106,06 	106,06 	106,06 
18.06.13	105,71 	105,71 	105,71 	105,71 
17.06.13	106,07 	106,07 	106,07 	106,07 
14.06.13	106,21 	106,21 	106,21 	106,21 
13.06.13	103,82 	103,82 	103,82 	103,82 
12.06.13	103,40 	103,40 	103,40 	103,40 
11.06.13	102,14 	102,14 	102,14 	102,14 
10.06.13	104,13 	104,13 	104,13 	104,13 
07.06.13	104,52 	104,52 	104,52 	104,52 
06.06.13	103,82 	103,82 	103,82 	103,82 
05.06.13	103,65 	103,65 	103,65 	103,65 
04.06.13	101,68 	101,68 	101,68 	101,68 
03.06.13	101,77 	101,77 	101,77 	101,77 
31.05.13	101,32 	101,32 	101,32 	101,32 
30.05.13	101,29 	101,29 	101,29 	101,29 
29.05.13	103,85 	103,85 	103,85 	103,85 
28.05.13	104,20 	104,20 	104,20 	104,20 
27.05.13	102,48 	102,48 	102,48 	102,48 
24.05.13	102,03 	102,03 	102,03 	102,03 
23.05.13	101,11 	101,11 	101,11 	101,11 
22.05.13	102,75 	102,75 	102,75 	102,75 
21.05.13	103,97 	103,97 	103,97 	103,97 
20.05.13	104,96 	104,96 	104,96 	104,96 
17.05.13	104,00 	104,00 	104,00 	104,00 
16.05.13	103,86 	103,86 	103,86 	103,86 
15.05.13	101,36 	101,36 	101,36 	101,36 
14.05.13	102,53 	102,53 	102,53 	102,53 
13.05.13	102,40 	102,40 	102,40 	102,40 
10.05.13	101,76 	101,76 	101,76 	101,76 
09.05.13	103,73 	103,73 	103,73 	103,73 
08.05.13	104,33 	104,33 	104,33 	104,33 
07.05.13	105,25 	105,25 	105,25 	105,25 
06.05.13	104,66 	104,66 	104,66 	104,66 
03.05.13	104,80 	104,80 	104,80 	104,80 
02.05.13	100,40 	100,40 	100,40 	100,40 
01.05.13	99,41 	99,41 	99,41 	99,41 
30.04.13	102,80 	102,80 	102,80 	102,80 
29.04.13	103,71 	103,71 	103,71 	103,71 
26.04.13	103,40 	103,40 	103,40 	103,40 
25.04.13	102,04 	102,04 	102,04 	102,04 
24.04.13	101,04 	101,04 	101,04 	101,04 
23.04.13	99,49 	99,49 	99,49 	99,49 
22.04.13	99,91 	99,91 	99,91 	99,91 
19.04.13	99,73 	99,73 	99,73 	99,73 
18.04.13	98,27 	98,27 	98,27 	98,27 
17.04.13	98,27 	98,27 	98,27 	98,27 
16.04.13	99,40 	99,40 	99,40 	99,40 
15.04.13	100,09 	100,09 	100,09 	100,09 
12.04.13	101,37 	101,37 	101,37 	101,37 
11.04.13	104,99 	104,99 	104,99 	104,99 
10.04.13	105,64 	105,64 	105,64 	105,64 
09.04.13	104,66 	104,66 	104,66 	104,66 
08.04.13	104,26 	104,26 	104,26 	104,26 
05.04.13	104,47 	104,47 	104,47 	104,47 
04.04.13	106,08 	106,08 	106,08 	106,08 
03.04.13	109,12 	109,12 	109,12 	109,12 
02.04.13	110,78 	110,78 	110,78 	110,78 
01.04.13	109,84 	109,84 	109,84 	109,84 
28.03.13	109,37 	109,37 	109,37 	109,37 
27.03.13	109,49 	109,49 	109,49 	109,49 
26.03.13	108,08 	108,08 	108,08 	108,08 
25.03.13	107,65 	107,65 	107,65 	107,65 
22.03.13	107,55 	107,55 	107,55 	107,55 
21.03.13	108,09 	108,09 	108,09 	108,09 
20.03.13	107,96 	107,96 	107,96 	107,96 
19.03.13	108,31 	108,31 	108,31 	108,31 
18.03.13	109,14 	109,14 	109,14 	109,14 
15.03.13	109,95 	109,95 	109,95 	109,95 
14.03.13	108,82 	108,82 	108,82 	108,82 
13.03.13	108,79 	108,79 	108,79 	108,79 
12.03.13	110,41 	110,41 	110,41 	110,41 
11.03.13	110,02 	110,02 	110,02 	110,02 
08.03.13	109,92 	109,92 	109,92 	109,92 
07.03.13	110,99 	110,99 	110,99 	110,99 
06.03.13	110,59 	110,59 	110,59 	110,59 
05.03.13	110,52 	110,52 	110,52 	110,52 
04.03.13	110,09 	110,09 	110,09 	110,09 
01.03.13	110,37 	110,37 	110,37 	110,37 
28.02.13	112,12 	112,12 	112,12 	112,12 
27.02.13	112,55 	112,55 	112,55 	112,55 
26.02.13	113,67 	113,67 	113,67 	113,67 
25.02.13	114,39 	114,39 	114,39 	114,39 
22.02.13	113,92 	113,92 	113,92 	113,92 
21.02.13	113,75 	113,75 	113,75 	113,75 
20.02.13	116,59 	116,59 	116,59 	116,59 
19.02.13	116,60 	116,60 	116,60 	116,60 
18.02.13	117,70 	117,70 	117,70 	117,70 
15.02.13	116,81 	116,81 	116,81 	116,81 
14.02.13	117,76 	117,76 	117,76 	117,76 
13.02.13	117,63 	117,63 	117,63 	117,63 
12.02.13	118,36 	118,36 	118,36 	118,36 
11.02.13	117,96 	117,96 	117,96 	117,96 
08.02.13	118,74 	118,74 	118,74 	118,74 
07.02.13	117,14 	117,14 	117,14 	117,14 
06.02.13	116,40 	116,40 	116,40 	116,40 
05.02.13	116,73 	116,73 	116,73 	116,73 
04.02.13	116,02 	116,02 	116,02 	116,02 
01.02.13	116,87 	116,87 	116,87 	116,87 
31.01.13	114,86 	114,86 	114,86 	114,86 
30.01.13	114,84 	114,84 	114,84 	114,84 
29.01.13	114,11 	114,11 	114,11 	114,11 
28.01.13	113,04 	113,04 	113,04 	113,04 
25.01.13	113,28 	113,28 	113,28 	113,28 
24.01.13	113,12 	113,12 	113,12 	113,12 
23.01.13	112,51 	112,51 	112,51 	112,51 
22.01.13	111,77 	111,77 	111,77 	111,77 
21.01.13	111,49 	111,49 	111,49 	111,49 
18.01.13	110,71 	110,71 	110,71 	110,71 
17.01.13	110,37 	110,37 	110,37 	110,37 
16.01.13	109,91 	109,91 	109,91 	109,91 
15.01.13	111,46 	111,46 	111,46 	111,46 
14.01.13	110,94 	110,94 	110,94 	110,94 
11.01.13	109,99 	109,99 	109,99 	109,99 
10.01.13	112,33 	112,33 	112,33 	112,33 
09.01.13	111,40 	111,40 	111,40 	111,40 
08.01.13	111,59 	111,59 	111,59 	111,59 
07.01.13	111,26 	111,26 	111,26 	111,26 
04.01.13	111,38 	111,38 	111,38 	111,38 
03.01.13	111,86 	111,86 	111,86 	111,86 
02.01.13	112,22 	112,22 	112,22 	112,22 
31.12.12	110,49 	110,49 	110,49 	110,49 
28.12.12	110,73 	110,73 	110,73 	110,73 
27.12.12	110,80 	110,80 	110,80 	110,80 
26.12.12	110,65 	110,65 	110,65 	110,65 
24.12.12	108,56 	108,56 	108,56 	108,56 
21.12.12	109,22 	109,22 	109,22 	109,22 
20.12.12	110,10 	110,10 	110,10 	110,10 
19.12.12	110,01 	110,01 	110,01 	110,01 
18.12.12	108,68 	108,68 	108,68 	108,68 
17.12.12	108,07 	108,07 	108,07 	108,07 
14.12.12	107,70 	107,70 	107,70 	107,70 
13.12.12	108,94 	108,94 	108,94 	108,94 
12.12.12	109,30 	109,30 	109,30 	109,30 
11.12.12	107,76 	107,76 	107,76 	107,76 
10.12.12	108,05 	108,05 	108,05 	108,05 
07.12.12	106,91 	106,91 	106,91 	106,91 
06.12.12	107,29 	107,29 	107,29 	107,29 
05.12.12	108,89 	108,89 	108,89 	108,89 
04.12.12	109,52 	109,52 	109,52 	109,52 
03.12.12	111,44 	111,44 	111,44 	111,44 
30.11.12	111,04 	111,04 	111,04 	111,04 
29.11.12	110,91 	110,91 	110,91 	110,91 
28.11.12	109,11 	109,11 	109,11 	109,11 
27.11.12	109,51 	109,51 	109,51 	109,51 
26.11.12	110,50 	110,50 	110,50 	110,50 
23.11.12	111,20 	111,20 	111,20 	111,20 
22.11.12	110,35 	110,35 	110,35 	110,35 
21.11.12	110,83 	110,83 	110,83 	110,83 
20.11.12	110,76 	110,76 	110,76 	110,76 
19.11.12	111,19 	111,19 	111,19 	111,19 
16.11.12	108,67 	108,67 	108,67 	108,67 
15.11.12	108,94 	108,94 	108,94 	108,94 
14.11.12	108,98 	108,98 	108,98 	108,98 
13.11.12	108,24 	108,24 	108,24 	108,24 
12.11.12	109,39 	109,39 	109,39 	109,39 
09.11.12	107,42 	107,42 	107,42 	107,42 
08.11.12	106,82 	106,82 	106,82 	106,82 
07.11.12	107,56 	107,56 	107,56 	107,56 
06.11.12	109,17 	109,17 	109,17 	109,17 
05.11.12	106,04 	106,04 	106,04 	106,04 
02.11.12	106,65 	106,65 	106,65 	106,65 
01.11.12	108,10 	108,10 	108,10 	108,10 
31.10.12	109,31 	109,31 	109,31 	109,31 
30.10.12	109,04 	109,04 	109,04 	109,04 
29.10.12	109,42 	109,42 	109,42 	109,42 
26.10.12	108,89 	108,89 	108,89 	108,89 
25.10.12	108,15 	108,15 	108,15 	108,15 
24.10.12	107,84 	107,84 	107,84 	107,84 
23.10.12	107,81 	107,81 	107,81 	107,81 
22.10.12	110,39 	110,39 	110,39 	110,39 
19.10.12	112,41 	112,41 	112,41 	112,41 
18.10.12	111,79 	111,79 	111,79 	111,79 
17.10.12	113,16 	113,16 	113,16 	113,16 
16.10.12	114,16 	114,16 	114,16 	114,16 
15.10.12	113,91 	113,91 	113,91 	113,91 
12.10.12	114,58 	114,58 	114,58 	114,58 
11.10.12	115,64 	115,64 	115,64 	115,64 
10.10.12	115,34 	115,34 	115,34 	115,34 
09.10.12	113,22 	113,22 	113,22 	113,22 
08.10.12	111,90 	111,90 	111,90 	111,90 
06.10.12	111,82 	111,82 	111,82 	111,82 
05.10.12	111,76 	111,76 	111,76 	111,76 
04.10.12	109,66 	109,66 	109,66 	109,66 
03.10.12	108,39 	108,39 	108,39 	108,39 
02.10.12	111,73 	111,73 	111,73 	111,73 
01.10.12	112,28 	112,28 	112,28 	112,28 
28.09.12	112,40 	112,40 	112,40 	112,40 
27.09.12	111,67 	111,67 	111,67 	111,67 
26.09.12	108,53 	108,53 	108,53 	108,53 
25.09.12	110,96 	110,96 	110,96 	110,96 
24.09.12	109,80 	109,80 	109,80 	109,80 
21.09.12	110,84 	110,84 	110,84 	110,84 
20.09.12	109,12 	109,12 	109,12 	109,12 
19.09.12	108,55 	108,55 	108,55 	108,55 
18.09.12	113,45 	113,45 	113,45 	113,45 
17.09.12	116,27 	116,27 	116,27 	116,27 
14.09.12	117,28 	117,28 	117,28 	117,28 
13.09.12	115,99 	115,99 	115,99 	115,99 
12.09.12	115,69 	115,69 	115,69 	115,69 
11.09.12	114,80 	114,80 	114,80 	114,80 
10.09.12	114,36 	114,36 	114,36 	114,36 
07.09.12	112,94 	112,94 	112,94 	112,94 
06.09.12	114,36 	114,36 	114,36 	114,36 
05.09.12	113,18 	113,18 	113,18 	113,18 
04.09.12	114,71 	114,71 	114,71 	114,71 
03.09.12	115,37 	115,37 	115,37 	115,37 
31.08.12	113,75 	113,75 	113,75 	113,75 
30.08.12	112,49 	112,49 	112,49 	112,49 
29.08.12	112,15 	112,15 	112,15 	112,15 
28.08.12	112,33 	112,33 	112,33 	112,33 
27.08.12	112,58 	112,58 	112,58 	112,58 
24.08.12	114,94 	114,94 	114,94 	114,94 
23.08.12	116,11 	116,11 	116,11 	116,11 
22.08.12	114,59 	114,59 	114,59 	114,59 
21.08.12	115,09 	115,09 	115,09 	115,09 
20.08.12	113,63 	113,63 	113,63 	113,63 
19.08.12	113,72 	113,72 	113,72 	113,72 
17.08.12	113,29 	113,29 	113,29 	113,29 
16.08.12	114,14 	114,14 	114,14 	114,14 
15.08.12	114,84 	114,84 	114,84 	114,84 
14.08.12	113,51 	113,51 	113,51 	113,51 
13.08.12	113,34 	113,34 	113,34 	113,34 
12.08.12	112,21 	112,21 	112,21 	112,21 
10.08.12	112,74 	112,74 	112,74 	112,74 
09.08.12	112,85 	112,85 	112,85 	112,85 
08.08.12	112,77 	112,77 	112,77 	112,77 
07.08.12	111,58 	111,58 	111,58 	111,58 
06.08.12	108,89 	108,89 	108,89 	108,89 
03.08.12	108,34 	108,34 	108,34 	108,34 
02.08.12	106,30 	106,30 	106,30 	106,30 
01.08.12	105,98 	105,98 	105,98 	105,98 
31.07.12	105,57 	105,57 	105,57 	105,57 
30.07.12	106,01 	106,01 	106,01 	106,01 
27.07.12	106,40 	106,40 	106,40 	106,40 
26.07.12	105,35 	105,35 	105,35 	105,35 
25.07.12	102,18 	102,18 	102,18 	102,18 
24.07.12	103,55 	103,55 	103,55 	103,55 
23.07.12	103,53 	103,53 	103,53 	103,53 
22.07.12	106,67 	106,67 	106,67 	106,67 
20.07.12	106,71 	106,71 	106,71 	106,71 
19.07.12	107,13 	107,13 	107,13 	107,13 
18.07.12	105,24 	105,24 	105,24 	105,24 
17.07.12	103,27 	103,27 	103,27 	103,27 
16.07.12	102,19 	102,19 	102,19 	102,19 
13.07.12	101,20 	101,20 	101,20 	101,20 
12.07.12	98,60 	98,60 	98,60 	98,60 
11.07.12	98,77 	98,77 	98,77 	98,77 
10.07.12	98,82 	98,82 	98,82 	98,82 
09.07.12	99,17 	99,17 	99,17 	99,17 
06.07.12	98,71 	98,71 	98,71 	98,71 
05.07.12	101,21 	101,21 	101,21 	101,21 
04.07.12	99,64 	99,64 	99,64 	99,64 
03.07.12	100,61 	100,61 	100,61 	100,61 
02.07.12	96,25 	96,25 	96,25 	96,25 
01.07.12	97,42 	97,42 	97,42 	97,42 
29.06.12	95,33 	95,33 	95,33 	95,33 
28.06.12	91,95 	91,95 	91,95 	91,95 
27.06.12	93,53 	93,53 	93,53 	93,53 
26.06.12	91,68 	91,68 	91,68 	91,68 
25.06.12	90,04 	90,04 	90,04 	90,04 
22.06.12	90,38 	90,38 	90,38 	90,38 
21.06.12	91,43 	91,43 	91,43 	91,43 
20.06.12	94,44 	94,44 	94,44 	94,44 
19.06.12	96,33 	96,33 	96,33 	96,33 
18.06.12	96,38 	96,38 	96,38 	96,38 
15.06.12	97,89 	97,89 	97,89 	97,89 
14.06.12	96,48 	96,48 	96,48 	96,48 
13.06.12	98,06 	98,06 	98,06 	98,06 
12.06.12	97,17 	97,17 	97,17 	97,17 
11.06.12	98,71 	98,71 	98,71 	98,71 
08.06.12	97,93 	97,93 	97,93 	97,93 
07.06.12	100,92 	100,92 	100,92 	100,92 
06.06.12	101,06 	101,06 	101,06 	101,06 
05.06.12	98,59 	98,59 	98,59 	98,59 
04.06.12	97,40 	97,40 	97,40 	97,40 
01.06.12	98,50 	98,50 	98,50 	98,50 
31.05.12	101,94 	101,94 	101,94 	101,94 
30.05.12	103,31 	103,31 	103,31 	103,31 
29.05.12	107,62 	107,62 	107,62 	107,62 
28.05.12	107,61 	107,61 	107,61 	107,61 
25.05.12	106,83 	106,83 	106,83 	106,83 
24.05.12	106,56 	106,56 	106,56 	106,56 
23.05.12	106,31 	106,31 	106,31 	106,31 
22.05.12	108,89 	108,89 	108,89 	108,89 
21.05.12	108,29 	108,29 	108,29 	108,29 
18.05.12	107,57 	107,57 	107,57 	107,57 
17.05.12	109,01 	109,01 	109,01 	109,01 
16.05.12	111,03 	111,03 	111,03 	111,03 
15.05.12	111,45 	111,45 	111,45 	111,45 
14.05.12	110,16 	110,16 	110,16 	110,16 
11.05.12	112,22 	112,22 	112,22 	112,22 
10.05.12	111,96 	111,96 	111,96 	111,96 
09.05.12	112,10 	112,10 	112,10 	112,10 
08.05.12	110,84 	110,84 	110,84 	110,84 
07.05.12	112,17 	112,17 	112,17 	112,17 
05.05.12	113,28 	113,28 	113,28 	113,28 
04.05.12	111,98 	111,98 	111,98 	111,98 
03.05.12	116,37 	116,37 	116,37 	116,37 
02.05.12	119,04 	119,04 	119,04 	119,04 
01.05.12	119,80 	119,80 	119,80 	119,80 
30.04.12	118,94 	118,94 	118,94 	118,94 
29.04.12	119,62 	119,62 	119,62 	119,62 
27.04.12	119,52 	119,52 	119,52 	119,52 
26.04.12	119,97 	119,97 	119,97 	119,97 
25.04.12	117,63 	117,63 	117,63 	117,63 
24.04.12	118,21 	118,21 	118,21 	118,21 
23.04.12	117,66 	117,66 	117,66 	117,66 
20.04.12	119,17 	119,17 	119,17 	119,17 
19.04.12	118,88 	118,88 	118,88 	118,88 
18.04.12	117,16 	117,16 	117,16 	117,16 
17.04.12	118,74 	118,74 	118,74 	118,74 
16.04.12	118,96 	118,96 	118,96 	118,96 
13.04.12	121,33 	121,33 	121,33 	121,33 
12.04.12	120,29 	120,29 	120,29 	120,29 
11.04.12	120,07 	120,07 	120,07 	120,07 
10.04.12	121,26 	121,26 	121,26 	121,26 
09.04.12	121,66 	121,66 	121,66 	121,66 
08.04.12	123,22 	123,22 	123,22 	123,22 
06.04.12	123,22 	123,22 	123,22 	123,22 
05.04.12	122,94 	122,94 	122,94 	122,94 
04.04.12	123,00 	123,00 	123,00 	123,00 
03.04.12	125,56 	125,56 	125,56 	125,56 
02.04.12	124,18 	124,18 	124,18 	124,18 
30.03.12	123,12 	123,12 	123,12 	123,12 
29.03.12	123,00 	123,00 	123,00 	123,00 
28.03.12	123,85 	123,85 	123,85 	123,85 
27.03.12	125,49 	125,49 	125,49 	125,49 
26.03.12	125,75 	125,75 	125,75 	125,75 
25.03.12	125,05 	125,05 	125,05 	125,05 
23.03.12	125,36 	125,36 	125,36 	125,36 
22.03.12	122,85 	122,85 	122,85 	122,85 
21.03.12	124,38 	124,38 	124,38 	124,38 
20.03.12	124,10 	124,10 	124,10 	124,10 
19.03.12	125,75 	125,75 	125,75 	125,75 
18.03.12	125,99 	125,99 	125,99 	125,99 
16.03.12	124,72 	124,72 	124,72 	124,72 
15.03.12	122,12 	122,12 	122,12 	122,12 
14.03.12	125,99 	125,99 	125,99 	125,99 
13.03.12	126,11 	126,11 	126,11 	126,11 
12.03.12	124,80 	124,80 	124,80 	124,80 
09.03.12	125,78 	125,78 	125,78 	125,78 
08.03.12	126,13 	126,13 	126,13 	126,13 
07.03.12	122,53 	122,53 	122,53 	122,53 
06.03.12	122,25 	122,25 	122,25 	122,25 
05.03.12	123,47 	123,47 	123,47 	123,47 
02.03.12	124,26 	124,26 	124,26 	124,26 
01.03.12	123,66 	123,66 	123,66 	123,66 
29.02.12	122,22 	122,22 	122,22 	122,22 
28.02.12	123,56 	123,56 	123,56 	123,56 
27.02.12	123,96 	123,96 	123,96 	123,96 
24.02.12	123,79 	123,79 	123,79 	123,79 
23.02.12	123,16 	123,16 	123,16 	123,16 
22.02.12	122,54 	122,54 	122,54 	122,54 
21.02.12	120,48 	120,48 	120,48 	120,48 
20.02.12	120,35 	120,35 	120,35 	120,35 
17.02.12	119,39 	119,39 	119,39 	119,39 
16.02.12	119,37 	119,37 	119,37 	119,37 
15.02.12	118,89 	118,89 	118,89 	118,89 
14.02.12	117,14 	117,14 	117,14 	117,14 
13.02.12	117,40 	117,40 	117,40 	117,40 
10.02.12	116,68 	116,68 	116,68 	116,68 
09.02.12	117,52 	117,52 	117,52 	117,52 
08.02.12	116,68 	116,68 	116,68 	116,68 
07.02.12	116,41 	116,41 	116,41 	116,41 
06.02.12	115,12 	115,12 	115,12 	115,12 
03.02.12	113,29 	113,29 	113,29 	113,29 
02.02.12	112,23 	112,23 	112,23 	112,23 
01.02.12	112,07 	112,07 	112,07 	112,07 
31.01.12	111,73 	111,73 	111,73 	111,73 
30.01.12	111,51 	111,51 	111,51 	111,51 
27.01.12	111,43 	111,43 	111,43 	111,43 
26.01.12	111,00 	111,00 	111,00 	111,00 
25.01.12	109,76 	109,76 	109,76 	109,76 
24.01.12	110,20 	110,20 	110,20 	110,20 
23.01.12	111,05 	111,05 	111,05 	111,05 
20.01.12	109,91 	109,91 	109,91 	109,91 
19.01.12	111,26 	111,26 	111,26 	111,26 
18.01.12	111,22 	111,22 	111,22 	111,22 
17.01.12	110,95 	110,95 	110,95 	110,95 
16.01.12	111,30 	111,30 	111,30 	111,30 
13.01.12	110,56 	110,56 	110,56 	110,56 
12.01.12	113,57 	113,57 	113,57 	113,57 
11.01.12	112,11 	112,11 	112,11 	112,11 
10.01.12	113,18 	113,18 	113,18 	113,18 
09.01.12	112,29 	112,29 	112,29 	112,29 
06.01.12	112,16 	112,16 	112,16 	112,16 
05.01.12	113,13 	113,13 	113,13 	113,13 
04.01.12	113,12 	113,12 	113,12 	113,12 
03.01.12	111,06 	111,06 	111,06 	111,06 
30.12.11	107,17 	107,17 	107,17 	107,17 
29.12.11	107,06 	107,06 	107,06 	107,06 
28.12.11	108,21 	108,21 	108,21 	108,21 
27.12.11	108,70 	108,70 	108,70 	108,70 
26.12.11	109,11 	109,11 	109,11 	109,11 
23.12.11	108,01 	108,01 	108,01 	108,01 
22.12.11	108,33 	108,33 	108,33 	108,33 
21.12.11	107,28 	107,28 	107,28 	107,28 
20.12.11	107,08 	107,08 	107,08 	107,08 
19.12.11	103,69 	103,69 	103,69 	103,69 
16.12.11	103,91 	103,91 	103,91 	103,91 
15.12.11	104,26 	104,26 	104,26 	104,26 
14.12.11	106,04 	106,04 	106,04 	106,04 
13.12.11	109,38 	109,38 	109,38 	109,38 
12.12.11	107,56 	107,56 	107,56 	107,56 
09.12.11	107,76 	107,76 	107,76 	107,76 
08.12.11	107,79 	107,79 	107,79 	107,79 
07.12.11	109,37 	109,37 	109,37 	109,37 
06.12.11	109,54 	109,54 	109,54 	109,54 
05.12.11	110,80 	110,80 	110,80 	110,80 
02.12.11	109,43 	109,43 	109,43 	109,43 
01.12.11	109,63 	109,63 	109,63 	109,63 
30.11.11	111,56 	111,56 	111,56 	111,56 
29.11.11	110,25 	110,25 	110,25 	110,25 
28.11.11	108,76 	108,76 	108,76 	108,76 
25.11.11	107,10 	107,10 	107,10 	107,10 
24.11.11	107,58 	107,58 	107,58 	107,58 
23.11.11	107,27 	107,27 	107,27 	107,27 
22.11.11	107,96 	107,96 	107,96 	107,96 
21.11.11	105,93 	105,93 	105,93 	105,93 
18.11.11	108,89 	108,89 	108,89 	108,89 
17.11.11	109,33 	109,33 	109,33 	109,33 
16.11.11	112,02 	112,02 	112,02 	112,02 
15.11.11	111,52 	111,52 	111,52 	111,52 
14.11.11	111,43 	111,43 	111,43 	111,43 
11.11.11	113,48 	113,48 	113,48 	113,48 
10.11.11	111,84 	111,84 	111,84 	111,84 
09.11.11	113,71 	113,71 	113,71 	113,71 
08.11.11	115,82 	115,82 	115,82 	115,82 
07.11.11	113,61 	113,61 	113,61 	113,61 
04.11.11	111,31 	111,31 	111,31 	111,31 
03.11.11	109,70 	109,70 	109,70 	109,70 
02.11.11	110,69 	110,69 	110,69 	110,69 
01.11.11	106,82 	106,82 	106,82 	106,82 
31.10.11	109,12 	109,12 	109,12 	109,12 
28.10.11	110,61 	110,61 	110,61 	110,61 
27.10.11	111,83 	111,83 	111,83 	111,83 
26.10.11	109,32 	109,32 	109,32 	109,32 
25.10.11	110,15 	110,15 	110,15 	110,15 
24.10.11	110,53 	110,53 	110,53 	110,53 
21.10.11	111,28 	111,28 	111,28 	111,28 
20.10.11	108,63 	108,63 	108,63 	108,63 
19.10.11	110,62 	110,62 	110,62 	110,62 
18.10.11	109,74 	109,74 	109,74 	109,74 
17.10.11	111,16 	111,16 	111,16 	111,16 
14.10.11	112,11 	112,11 	112,11 	112,11 
13.10.11	108,09 	108,09 	108,09 	108,09 
12.10.11	112,34 	112,34 	112,34 	112,34 
11.10.11	109,17 	109,17 	109,17 	109,17 
10.10.11	108,66 	108,66 	108,66 	108,66 
07.10.11	105,58 	105,58 	105,58 	105,58 
06.10.11	103,18 	103,18 	103,18 	103,18 
05.10.11	102,38 	102,38 	102,38 	102,38 
04.10.11	101,01 	101,01 	101,01 	101,01 
03.10.11	101,75 	101,75 	101,75 	101,75 
30.09.11	102,72 	102,72 	102,72 	102,72 
29.09.11	104,60 	104,60 	104,60 	104,60 
28.09.11	106,56 	106,56 	106,56 	106,56 
27.09.11	106,85 	106,85 	106,85 	106,85 
26.09.11	103,84 	103,84 	103,84 	103,84 
23.09.11	105,48 	105,48 	105,48 	105,48 
22.09.11	106,48 	106,48 	106,48 	106,48 
21.09.11	112,05 	112,05 	112,05 	112,05 
20.09.11	111,26 	111,26 	111,26 	111,26 
19.09.11	109,66 	109,66 	109,66 	109,66 
16.09.11	113,16 	113,16 	113,16 	113,16 
15.09.11	112,16 	112,16 	112,16 	112,16 
14.09.11	111,29 	111,29 	111,29 	111,29 
13.09.11	111,57 	111,57 	111,57 	111,57 
12.09.11	111,79 	111,79 	111,79 	111,79 
09.09.11	112,44 	112,44 	112,44 	112,44 
08.09.11	116,27 	116,27 	116,27 	116,27 
07.09.11	115,62 	115,62 	115,62 	115,62 
06.09.11	111,68 	111,68 	111,68 	111,68 
05.09.11	110,96 	110,96 	110,96 	110,96 
02.09.11	112,28 	112,28 	112,28 	112,28 
01.09.11	114,53 	114,53 	114,53 	114,53 
31.08.11	114,82 	114,82 	114,82 	114,82 
30.08.11	113,54 	113,54 	113,54 	113,54 
29.08.11	112,30 	112,30 	112,30 	112,30 
26.08.11	110,61 	110,61 	110,61 	110,61 
25.08.11	109,76 	109,76 	109,76 	109,76 
24.08.11	110,01 	110,01 	110,01 	110,01 
23.08.11	108,69 	108,69 	108,69 	108,69 
22.08.11	107,03 	107,03 	107,03 	107,03 
19.08.11	108,72 	108,72 	108,72 	108,72 
18.08.11	108,04 	108,04 	108,04 	108,04 
17.08.11	110,85 	110,85 	110,85 	110,85 
16.08.11	109,74 	109,74 	109,74 	109,74 
15.08.11	109,10 	109,10 	109,10 	109,10 
12.08.11	107,83 	107,83 	107,83 	107,83 
11.08.11	106,37 	106,37 	106,37 	106,37 
10.08.11	104,49 	104,49 	104,49 	104,49 
09.08.11	104,16 	104,16 	104,16 	104,16 
08.08.11	105,74 	105,74 	105,74 	105,74 
05.08.11	108,45 	108,45 	108,45 	108,45 
04.08.11	110,60 	110,60 	110,60 	110,60 
03.08.11	114,19 	114,19 	114,19 	114,19 
02.08.11	117,17 	117,17 	117,17 	117,17 
01.08.11	116,48 	116,48 	116,48 	116,48 
29.07.11	116,99 	116,99 	116,99 	116,99 
28.07.11	118,12 	118,12 	118,12 	118,12 
27.07.11	117,76 	117,76 	117,76 	117,76 
26.07.11	118,24 	118,24 	118,24 	118,24 
25.07.11	117,90 	117,90 	117,90 	117,90 
22.07.11	118,31 	118,31 	118,31 	118,31 
21.07.11	118,26 	118,26 	118,26 	118,26 
20.07.11	118,25 	118,25 	118,25 	118,25 
19.07.11	118,06 	118,06 	118,06 	118,06 
18.07.11	115,52 	115,52 	115,52 	115,52 
15.07.11	117,08 	117,08 	117,08 	117,08 
14.07.11	116,83 	116,83 	116,83 	116,83 
13.07.11	119,29 	119,29 	119,29 	119,29 
12.07.11	116,51 	116,51 	116,51 	116,51 
11.07.11	115,42 	115,42 	115,42 	115,42 
08.07.11	117,53 	117,53 	117,53 	117,53 
07.07.11	117,49 	117,49 	117,49 	117,49 
06.07.11	113,18 	113,18 	113,18 	113,18 
05.07.11	112,96 	112,96 	112,96 	112,96 
04.07.11	111,60 	111,60 	111,60 	111,60 
01.07.11	110,72 	110,72 	110,72 	110,72 
30.06.11	112,42 	112,42 	112,42 	112,42 
29.06.11	111,43 	111,43 	111,43 	111,43 
28.06.11	108,55 	108,55 	108,55 	108,55 
27.06.11	104,88 	104,88 	104,88 	104,88 
24.06.11	106,09 	106,09 	106,09 	106,09 
23.06.11	108,33 	108,33 	108,33 	108,33 
22.06.11	113,09 	113,09 	113,09 	113,09 
21.06.11	111,79 	111,79 	111,79 	111,79 
20.06.11	112,30 	112,30 	112,30 	112,30 
17.06.11	112,89 	112,89 	112,89 	112,89 
16.06.11	113,30 	113,30 	113,30 	113,30 
15.06.11	117,85 	117,85 	117,85 	117,85 
14.06.11	119,55 	119,55 	119,55 	119,55 
13.06.11	118,91 	118,91 	118,91 	118,91 
10.06.11	117,70 	117,70 	117,70 	117,70 
09.06.11	117,67 	117,67 	117,67 	117,67 
08.06.11	117,83 	117,83 	117,83 	117,83 
07.06.11	115,63 	115,63 	115,63 	115,63 
06.06.11	114,20 	114,20 	114,20 	114,20 
03.06.11	115,05 	115,05 	115,05 	115,05 
02.06.11	115,11 	115,11 	115,11 	115,11 
01.06.11	116,16 	116,16 	116,16 	116,16 
31.05.11	116,70 	116,70 	116,70 	116,70 
30.05.11	114,77 	114,77 	114,77 	114,77 
27.05.11	115,31 	115,31 	115,31 	115,31 
26.05.11	114,37 	114,37 	114,37 	114,37 
25.05.11	113,43 	113,43 	113,43 	113,43 
24.05.11	112,23 	112,23 	112,23 	112,23 
23.05.11	108,89 	108,89 	108,89 	108,89 
20.05.11	109,61 	109,61 	109,61 	109,61 
19.05.11	111,65 	111,65 	111,65 	111,65 
18.05.11	111,75 	111,75 	111,75 	111,75 
17.05.11	109,64 	109,64 	109,64 	109,64 
16.05.11	113,15 	113,15 	113,15 	113,15 
13.05.11	112,56 	112,56 	112,56 	112,56 
12.05.11	111,35 	111,35 	111,35 	111,35 
11.05.11	115,07 	115,07 	115,07 	115,07 
10.05.11	116,99 	116,99 	116,99 	116,99 
09.05.11	113,30 	113,30 	113,30 	113,30 
06.05.11	113,29 	113,29 	113,29 	113,29 
05.05.11	115,24 	115,24 	115,24 	115,24 
04.05.11	121,24 	121,24 	121,24 	121,24 
03.05.11	123,68 	123,68 	123,68 	123,68 
02.05.11	125,93 	125,93 	125,93 	125,93 
29.04.11	125,30 	125,30 	125,30 	125,30 
28.04.11	125,87 	125,87 	125,87 	125,87 
27.04.11	124,13 	124,13 	124,13 	124,13 
26.04.11	124,10 	124,10 	124,10 	124,10 
25.04.11	123,02 	123,02 	123,02 	123,02 
21.04.11	123,81 	123,81 	123,81 	123,81 
20.04.11	123,21 	123,21 	123,21 	123,21 
19.04.11	119,97 	119,97 	119,97 	119,97 
18.04.11	121,27 	121,27 	121,27 	121,27 
15.04.11	123,34 	123,34 	123,34 	123,34 
14.04.11	122,15 	122,15 	122,15 	122,15 
13.04.11	122,76 	122,76 	122,76 	122,76 
12.04.11	120,33 	120,33 	120,33 	120,33 
11.04.11	126,18 	126,18 	126,18 	126,18 
08.04.11	124,92 	124,92 	124,92 	124,92 
07.04.11	121,84 	121,84 	121,84 	121,84 
06.04.11	122,35 	122,35 	122,35 	122,35 
05.04.11	121,90 	121,90 	121,90 	121,90 
04.04.11	119,75 	119,75 	119,75 	119,75 
01.04.11	117,55 	117,55 	117,55 	117,55 
31.03.11	117,06 	117,06 	117,06 	117,06 
30.03.11	115,10 	115,10 	115,10 	115,10 
29.03.11	115,00 	115,00 	115,00 	115,00 
28.03.11	115,72 	115,72 	115,72 	115,72 
25.03.11	115,86 	115,86 	115,86 	115,86 
24.03.11	115,70 	115,70 	115,70 	115,70 
23.03.11	115,75 	115,75 	115,75 	115,75 
22.03.11	115,67 	115,67 	115,67 	115,67 
21.03.11	115,44 	115,44 	115,44 	115,44 
18.03.11	114,40 	114,40 	114,40 	114,40 
17.03.11	113,79 	113,79 	113,79 	113,79 
16.03.11	110,93 	110,93 	110,93 	110,93 
15.03.11	110,37 	110,37 	110,37 	110,37 
14.03.11	113,46 	113,46 	113,46 	113,46 
11.03.11	113,40 	113,40 	113,40 	113,40 
10.03.11	114,00 	114,00 	114,00 	114,00 
09.03.11	115,69 	115,69 	115,69 	115,69 
08.03.11	113,01 	113,01 	113,01 	113,01 
07.03.11	116,46 	116,46 	116,46 	116,46 
04.03.11	115,90 	115,90 	115,90 	115,90 
03.03.11	115,06 	115,06 	115,06 	115,06 
02.03.11	115,77 	115,77 	115,77 	115,77 
01.03.11	113,55 	113,55 	113,55 	113,55 
28.02.11	112,80 	112,80 	112,80 	112,80 
25.02.11	111,29 	111,29 	111,29 	111,29 
24.02.11	113,88 	113,88 	113,88 	113,88 
23.02.11	109,95 	109,95 	109,95 	109,95 
22.02.11	106,41 	106,41 	106,41 	106,41 
21.02.11	104,96 	104,96 	104,96 	104,96 
18.02.11	102,75 	102,75 	102,75 	102,75 
17.02.11	103,86 	103,86 	103,86 	103,86 
16.02.11	102,67 	102,67 	102,67 	102,67 
15.02.11	103,37 	103,37 	103,37 	103,37 
14.02.11	103,68 	103,68 	103,68 	103,68 
11.02.11	102,09 	102,09 	102,09 	102,09 
10.02.11	101,65 	101,65 	101,65 	101,65 
09.02.11	100,45 	100,45 	100,45 	100,45 
08.02.11	99,82 	99,82 	99,82 	99,82 
07.02.11	99,96 	99,96 	99,96 	99,96 
04.02.11	100,74 	100,74 	100,74 	100,74 
03.02.11	102,00 	102,00 	102,00 	102,00 
02.02.11	101,82 	101,82 	101,82 	101,82 
01.02.11	101,39 	101,39 	101,39 	101,39 
31.01.11	99,46 	99,46 	99,46 	99,46 
28.01.11	98,57 	98,57 	98,57 	98,57 
27.01.11	98,44 	98,44 	98,44 	98,44 
26.01.11	96,59 	96,59 	96,59 	96,59 
25.01.11	95,36 	95,36 	95,36 	95,36 
24.01.11	97,56 	97,56 	97,56 	97,56 
21.01.11	97,11 	97,11 	97,11 	97,11 
20.01.11	95,67 	95,67 	95,67 	95,67 
19.01.11	98,15 	98,15 	98,15 	98,15 
18.01.11	97,13 	97,13 	97,13 	97,13 
17.01.11	97,74 	97,74 	97,74 	97,74 
14.01.11	98,04 	98,04 	98,04 	98,04 
13.01.11	97,25 	97,25 	97,25 	97,25 
12.01.11	98,50 	98,50 	98,50 	98,50 
11.01.11	96,81 	96,81 	96,81 	96,81 
10.01.11	95,66 	95,66 	95,66 	95,66 
07.01.11	94,14 	94,14 	94,14 	94,14 
06.01.11	95,03 	95,03 	95,03 	95,03 
05.01.11	93,16 	93,16 	93,16 	93,16 
04.01.11	92,90 	92,90 	92,90 	92,90 
03.01.11	95,68 	95,68 	95,68 	95,68 
31.12.10	92,94 	92,94 	92,94 	92,94 
30.12.10	93,29 	93,29 	93,29 	93,29 
29.12.10	94,23 	94,23 	94,23 	94,23 
28.12.10	93,95 	93,95 	93,95 	93,95 
27.12.10	93,44 	93,44 	93,44 	93,44 
24.12.10	93,50 	93,50 	93,50 	93,50 
23.12.10	93,71 	93,71 	93,71 	93,71 
22.12.10	93,75 	93,75 	93,75 	93,75 
21.12.10	92,92 	92,92 	92,92 	92,92 
20.12.10	91,31 	91,31 	91,31 	91,31 
17.12.10	91,65 	91,65 	91,65 	91,65 
16.12.10	91,76 	91,76 	91,76 	91,76 
15.12.10	92,10 	91,85 	92,10 	91,92 
14.12.10	91,33 	91,33 	91,33 	91,33 
13.12.10	92,06 	92,06 	92,06 	92,06 
10.12.10	90,78 	90,78 	90,78 	90,78 
09.12.10	90,67 	90,67 	90,67 	90,67 
08.12.10	90,62 	90,62 	90,62 	90,62 
07.12.10	91,42 	91,42 	91,42 	91,42 
06.12.10	91,21 	91,21 	91,21 	91,21 
03.12.10	90,92 	90,92 	90,92 	90,92 
02.12.10	89,39 	89,39 	89,39 	89,39 
01.12.10	87,63 	87,63 	87,63 	87,63 
30.11.10	87,12 	87,12 	87,12 	87,12 
29.11.10	86,26 	86,26 	86,26 	86,26 
26.11.10	85,54 	85,54 	85,54 	85,54 
25.11.10	86,39 	86,39 	86,39 	86,39 
24.11.10	85,11 	85,11 	85,11 	85,11 
23.11.10	83,12 	83,12 	83,12 	83,12 
22.11.10	83,65 	83,65 	83,65 	83,65 
19.11.10	84,52 	84,52 	84,52 	84,52 
18.11.10	84,42 	84,42 	84,42 	84,42 
17.11.10	84,72 	84,72 	84,72 	84,72 
16.11.10	85,41 	85,41 	85,41 	85,41 
15.11.10	86,95 	86,95 	86,95 	86,95 
12.11.10	86,99 	86,99 	86,99 	86,99 
11.11.10	89,26 	89,26 	89,26 	89,26 
10.11.10	88,28 	88,28 	88,28 	88,28 
09.11.10	88,83 	88,83 	88,83 	88,83 
08.11.10	87,46 	87,46 	87,46 	87,46 
05.11.10	87,48 	87,48 	87,48 	87,48 
04.11.10	87,85 	87,85 	87,85 	87,85 
03.11.10	85,89 	85,89 	85,89 	85,89 
02.11.10	85,28 	85,28 	85,28 	85,28 
01.11.10	84,92 	84,92 	84,92 	84,92 
29.10.10	83,32 	83,32 	83,32 	83,32 
28.10.10	83,13 	83,13 	83,13 	83,13 
27.10.10	82,31 	82,31 	82,31 	82,31 
26.10.10	83,70 	83,70 	83,70 	83,70 
25.10.10	83,56 	83,56 	83,56 	83,56 
22.10.10	82,52 	82,52 	82,52 	82,52 
21.10.10	83,22 	83,22 	83,22 	83,22 
20.10.10	82,94 	82,94 	82,94 	82,94 
19.10.10	82,44 	82,44 	82,44 	82,44 
18.10.10	84,11 	84,11 	84,11 	84,11 
15.10.10	83,44 	83,44 	83,44 	83,44 
14.10.10	85,16 	85,16 	85,16 	85,16 
13.10.10	84,60 	84,60 	84,60 	84,60 
12.10.10	83,17 	83,17 	83,17 	83,17 
11.10.10	83,70 	83,70 	83,70 	83,70 
08.10.10	84,27 	84,27 	84,27 	84,27 
07.10.10	84,33 	84,33 	84,33 	84,33 
06.10.10	85,14 	85,14 	85,14 	85,14 
05.10.10	84,08 	84,08 	84,08 	84,08 
04.10.10	83,68 	83,68 	83,68 	83,68 
01.10.10	83,02 	83,02 	83,02 	83,02 
30.09.10	81,81 	81,81 	81,81 	81,81 
29.09.10	78,85 	78,85 	78,85 	78,85 
28.09.10	78,94 	78,94 	78,94 	78,94 
27.09.10	78,16 	78,16 	78,16 	78,16 
24.09.10	79,29 	79,29 	79,29 	79,29 
23.09.10	77,47 	77,47 	77,47 	77,47 
22.09.10	78,25 	78,25 	78,25 	78,25 
21.09.10	79,11 	79,11 	79,11 	79,11 
20.09.10	79,23 	79,23 	79,23 	79,23 
17.09.10	77,74 	77,74 	77,74 	77,74 
16.09.10	79,24 	79,24 	79,24 	79,24 
15.09.10	78,99 	78,99 	78,99 	78,99 
14.09.10	79,67 	79,67 	79,67 	79,67 
13.09.10	79,08 	79,08 	79,08 	79,08 
10.09.10	78,43 	78,43 	78,43 	78,43 
09.09.10	78,62 	78,62 	78,62 	78,62 
08.09.10	77,68 	77,68 	77,68 	77,68 
07.09.10	76,09 	76,09 	76,09 	76,09 
06.09.10	76,72 	76,72 	76,72 	76,72 
03.09.10	75,82 	75,82 	75,82 	75,82 
02.09.10	75,79 	75,79 	75,79 	75,79 
01.09.10	76,63 	76,63 	76,63 	76,63 
31.08.10	76,49 	76,49 	76,49 	76,49 
30.08.10	76,34 	76,34 	76,34 	76,34 
27.08.10	75,47 	75,47 	75,47 	75,47 
26.08.10	75,41 	75,41 	75,41 	75,41 
25.08.10	72,09 	72,09 	72,09 	72,09 
24.08.10	72,72 	72,72 	72,72 	72,72 
23.08.10	74,11 	74,11 	74,11 	74,11 
20.08.10	74,58 	74,58 	74,58 	74,58 
19.08.10	75,44 	75,44 	75,44 	75,44 
18.08.10	75,58 	75,58 	75,58 	75,58 
17.08.10	77,33 	77,33 	77,33 	77,33 
16.08.10	75,36 	75,36 	75,36 	75,36 
13.08.10	75,52 	75,52 	75,52 	75,52 
12.08.10	76,79 	76,79 	76,79 	76,79 
11.08.10	78,09 	78,09 	78,09 	78,09 
10.08.10	79,05 	79,05 	79,05 	79,05 
09.08.10	80,91 	80,91 	80,91 	80,91 
06.08.10	80,46 	80,46 	80,46 	80,46 
05.08.10	81,49 	81,49 	81,49 	81,49 
04.08.10	82,29 	82,29 	82,29 	82,29 
03.08.10	82,15 	82,15 	82,15 	82,15 
02.08.10	80,59 	80,59 	80,59 	80,59 
30.07.10	77,05 	77,05 	77,05 	77,05 
29.07.10	78,00 	78,00 	78,00 	78,00 
28.07.10	75,35 	75,35 	75,35 	75,35 
27.07.10	77,03 	77,03 	77,03 	77,03 
26.07.10	77,30 	77,30 	77,30 	77,30 
23.07.10	77,55 	77,55 	77,55 	77,55 
22.07.10	77,22 	77,22 	77,22 	77,22 
21.07.10	75,86 	75,86 	75,86 	75,86 
20.07.10	75,65 	75,65 	75,92 	75,92 
19.07.10	76,42 	76,42 	76,42 	76,42 
16.07.10	75,49 	75,49 	75,49 	75,49 
15.07.10	75,83 	75,83 	75,83 	75,83 
14.07.10	76,45 	76,45 	76,45 	76,45 
13.07.10	76,47 	76,47 	76,47 	76,47 
12.07.10	74,26 	74,26 	74,26 	74,26 
09.07.10	75,53 	75,53 	75,53 	75,53 
08.07.10	75,02 	75,02 	75,02 	75,02 
07.07.10	73,05 	73,05 	73,05 	73,05 
06.07.10	73,13 	73,13 	73,13 	73,13 
05.07.10	71,53 	71,53 	71,53 	71,53 
02.07.10	72,11 	72,11 	72,11 	72,11 
01.07.10	71,93 	71,93 	71,93 	71,93 
30.06.10	75,15 	75,15 	75,15 	75,15 
29.06.10	75,12 	75,12 	75,12 	75,12 
28.06.10	77,36 	77,36 	77,36 	77,36 
25.06.10	76,65 	76,65 	76,65 	76,65 
24.06.10	75,81 	75,81 	75,81 	75,81 
23.06.10	76,29 	76,29 	76,29 	76,29 
22.06.10	78,46 	78,46 	78,46 	78,46 
21.06.10	79,31 	79,31 	79,31 	79,31 
18.06.10	78,36 	78,36 	78,36 	78,36 
17.06.10	78,52 	78,52 	78,52 	78,52 
16.06.10	77,25 	77,25 	77,25 	77,25 
15.06.10	76,60 	76,60 	76,60 	76,60 
14.06.10	76,04 	76,04 	76,04 	76,04 
11.06.10	74,79 	74,79 	74,79 	74,79 
10.06.10	76,24 	76,24 	76,24 	76,24 
09.06.10	74,51 	74,51 	74,51 	74,51 
08.06.10	71,71 	71,71 	71,71 	71,71 
07.06.10	71,72 	71,72 	71,72 	71,72 
04.06.10	73,79 	73,79 	73,79 	73,79 
03.06.10	74,75 	74,75 	74,75 	74,75 
02.06.10	73,77 	73,77 	73,77 	73,77 
01.06.10	74,49 	74,49 	74,49 	74,49 
31.05.10	74,33 	74,33 	74,33 	74,33 
28.05.10	74,68 	74,68 	74,68 	74,68 
27.05.10	73,73 	73,73 	73,73 	73,73 
26.05.10	71,66 	71,66 	71,66 	71,66 
25.05.10	68,89 	68,89 	68,89 	68,89 
24.05.10	71,57 	71,57 	71,57 	71,57 
21.05.10	71,52 	71,52 	71,52 	71,52 
20.05.10	70,62 	70,62 	70,62 	70,62 
19.05.10	73,80 	73,80 	73,80 	73,80 
18.05.10	75,61 	75,61 	75,61 	75,61 
17.05.10	76,30 	76,30 	76,30 	76,30 
14.05.10	79,68 	79,68 	79,68 	79,68 
13.05.10	80,51 	80,51 	80,51 	80,51 
12.05.10	81,11 	81,11 	81,11 	81,11 
11.05.10	80,41 	80,41 	80,41 	80,41 
10.05.10	79,91 	79,91 	79,91 	79,91 
07.05.10	78,25 	78,25 	78,25 	78,25 
06.05.10	81,64 	81,64 	81,64 	81,64 
05.05.10	83,27 	83,27 	83,27 	83,27 
04.05.10	86,43 	86,43 	86,43 	86,43 
03.05.10	88,63 	88,63 	88,63 	88,63 
30.04.10	87,15 	87,15 	87,15 	87,15 
29.04.10	87,49 	87,49 	87,49 	87,49 
28.04.10	85,65 	85,65 	85,65 	85,65 
27.04.10	86,82 	86,82 	86,82 	86,82 
26.04.10	87,12 	87,12 	87,12 	87,12 
23.04.10	86,38 	86,38 	86,38 	86,38 
22.04.10	84,88 	84,88 	84,88 	84,88 
21.04.10	84,96 	84,96 	84,96 	84,96 
20.04.10	85,16 	85,16 	85,16 	85,16 
19.04.10	83,72 	83,72 	83,72 	83,72 
16.04.10	86,06 	86,06 	86,06 	86,06 
15.04.10	87,38 	87,38 	87,38 	87,38 
14.04.10	85,43 	85,43 	85,43 	85,43 
13.04.10	83,69 	83,69 	83,69 	83,69 
12.04.10	85,29 	85,29 	85,29 	85,29 
09.04.10	84,82 	84,82 	84,82 	84,82 
08.04.10	84,85 	84,85 	84,85 	84,85 
07.04.10	85,63 	85,63 	85,63 	85,63 
06.04.10	86,16 	86,16 	86,16 	86,16 
05.04.10	85,52 	85,52 	85,52 	85,52 
01.04.10	83,73 	83,73 	83,73 	83,73 
31.03.10	81,56 	81,56 	81,56 	81,56 
30.03.10	81,33 	81,33 	81,33 	81,33 
29.03.10	81,61 	81,61 	81,61 	81,61 
26.03.10	79,29 	79,29 	79,29 	79,29 
25.03.10	79,96 	79,96 	79,96 	79,96 
24.03.10	79,65 	79,65 	79,65 	79,65 
23.03.10	80,80 	80,80 	80,80 	80,80 
22.03.10	79,92 	79,92 	79,92 	79,92 
19.03.10	79,68 	79,68 	79,68 	79,68 
18.03.10	81,22 	81,22 	81,22 	81,22 
17.03.10	81,21 	81,21 	81,21 	81,21 
16.03.10	80,66 	80,66 	80,66 	80,66 
15.03.10	78,14 	78,14 	78,14 	78,14 
12.03.10	80,25 	80,25 	80,25 	80,25 
11.03.10	80,39 	80,39 	80,39 	80,39 
10.03.10	81,18 	81,18 	81,18 	81,18 
09.03.10	79,58 	79,58 	79,58 	79,58 
08.03.10	80,52 	80,52 	80,52 	80,52 
05.03.10	80,18 	80,18 	80,18 	80,18 
04.03.10	78,55 	78,55 	78,55 	78,55 
03.03.10	79,00 	79,00 	79,00 	79,00 
02.03.10	78,20 	78,20 	78,20 	78,20 
01.03.10	77,58 	77,58 	77,58 	77,58 
26.02.10	77,51 	77,51 	77,51 	77,51 
25.02.10	76,21 	76,21 	76,21 	76,21 
24.02.10	77,88 	77,88 	77,88 	77,88 
23.02.10	77,15 	77,15 	77,15 	77,15 
22.02.10	78,04 	78,04 	78,04 	78,04 
19.02.10	77,74 	77,74 	77,74 	77,74 
18.02.10	76,62 	76,62 	76,62 	76,62 
17.02.10	75,70 	75,70 	75,70 	75,70 
16.02.10	75,59 	75,59 	75,59 	75,59 
15.02.10	72,87 	72,87 	72,87 	72,87 
12.02.10	71,89 	71,89 	71,89 	71,89 
11.02.10	72,59 	72,59 	72,59 	72,59 
10.02.10	71,16 	71,16 	71,16 	71,16 
09.02.10	70,99 	70,99 	70,99 	70,99 
08.02.10	70,20 	70,20 	70,20 	70,20 
05.02.10	71,43 	71,43 	71,43 	71,43 
04.02.10	73,67 	73,67 	73,67 	73,67 
03.02.10	76,41 	76,41 	76,41 	76,41 
02.02.10	74,55 	74,55 	74,55 	74,55 
01.02.10	72,10 	72,10 	72,10 	72,10 
29.01.10	72,64 	72,64 	72,64 	72,64 
28.01.10	72,28 	72,28 	72,28 	72,28 
27.01.10	73,15 	73,15 	73,15 	73,15 
26.01.10	73,31 	73,31 	73,31 	73,31 
25.01.10	73,31 	73,31 	73,31 	73,31 
22.01.10	73,55 	73,55 	73,55 	73,55 
21.01.10	76,17 	76,17 	76,17 	76,17 
20.01.10	75,89 	75,89 	75,89 	75,89 
19.01.10	76,15 	76,15 	76,15 	76,15 
18.01.10	77,28 	77,28 	77,28 	77,28 
15.01.10	77,64 	77,64 	77,64 	77,64 
14.01.10	78,19 	78,19 	78,19 	78,19 
13.01.10	77,76 	77,76 	77,76 	77,76 
12.01.10	79,67 	79,67 	79,67 	79,67 
11.01.10	81,05 	81,05 	81,05 	81,05 
08.01.10	80,99 	80,99 	80,99 	80,99 
07.01.10	81,88 	81,88 	81,88 	81,88 
06.01.10	80,30 	80,30 	80,30 	80,30 
05.01.10	80,22 	80,22 	80,22 	80,22 
04.01.10	79,70 	79,70 	79,70 	79,70 
31.12.09	78,50 	78,50 	78,50 	78,50 
30.12.09	77,71 	77,71 	77,71 	77,71 
29.12.09	77,34 	77,34 	77,34 	77,34 
28.12.09	77,07 	77,07 	77,07 	77,07 
24.12.09	75,71 	75,71 	75,71 	75,71 
23.12.09	74,89 	74,89 	74,89 	74,89 
22.12.09	71,99 	71,99 	71,99 	71,99 
21.12.09	74,25 	74,25 	74,25 	74,25 
18.12.09	73,23 	73,23 	73,23 	73,23 
17.12.09	73,10 	73,10 	73,10 	73,10 
16.12.09	74,58 	74,58 	74,58 	74,58 
15.12.09	72,63 	72,63 	72,63 	72,63 
14.12.09	72,25 	72,25 	72,25 	72,25 
11.12.09	71,64 	71,64 	71,64 	71,64 
10.12.09	72,10 	72,10 	72,10 	72,10 
09.12.09	75,17 	75,17 	75,17 	75,17 
08.12.09	75,38 	75,38 	75,38 	75,38 
07.12.09	76,79 	76,79 	76,79 	76,79 
04.12.09	78,56 	78,56 	78,56 	78,56 
03.12.09	77,99 	77,99 	77,99 	77,99 
02.12.09	78,28 	78,28 	78,28 	78,28 
01.12.09	79,67 	79,67 	79,67 	79,67 
30.11.09	77,73 	77,73 	77,73 	77,73 
27.11.09	76,72 	76,72 	76,72 	76,72 
26.11.09	77,03 	77,03 	77,03 	77,03 
25.11.09	76,57 	76,57 	76,57 	76,57 
24.11.09	76,44 	76,44 	76,44 	76,44 
23.11.09	79,15 	79,15 	79,15 	79,15 
20.11.09	76,59 	76,59 	76,59 	76,59 
19.11.09	77,25 	77,25 	77,25 	77,25 
18.11.09	79,62 	79,62 	79,62 	79,62 
17.11.09	78,43 	78,43 	78,43 	78,43 
16.11.09	78,67 	78,67 	78,67 	78,67 
13.11.09	76,19 	76,19 	76,19 	76,19 
12.11.09	76,01 	76,01 	76,01 	76,01 
11.11.09	77,96 	77,96 	77,96 	77,96 
10.11.09	78,30 	78,30 	78,30 	78,30 
09.11.09	77,54 	77,54 	77,54 	77,54 
06.11.09	75,98 	75,98 	75,98 	75,98 
05.11.09	78,70 	78,70 	78,70 	78,70 
04.11.09	79,14 	79,14 	79,14 	79,14 
03.11.09	76,45 	76,45 	76,45 	76,45 
02.11.09	75,83 	75,83 	75,83 	75,83 
30.10.09	76,33 	76,33 	76,33 	76,33 
29.10.09	77,75 	77,75 	77,75 	77,75 
28.10.09	76,14 	76,14 	76,14 	76,14 
27.10.09	77,89 	77,89 	77,89 	77,89 
26.10.09	77,31 	77,31 	77,31 	77,31 
23.10.09	78,64 	78,64 	78,64 	78,64 
22.10.09	79,42 	79,42 	79,42 	79,42 
21.10.09	77,91 	77,91 	77,91 	77,91 
20.10.09	77,07 	77,07 	77,07 	77,07 
19.10.09	76,84 	76,84 	76,84 	76,84 
16.10.09	75,73 	75,73 	75,73 	75,73 
15.10.09	74,63 	74,63 	74,63 	74,63 
14.10.09	72,67 	72,67 	72,67 	72,67 
13.10.09	71,94 	71,94 	71,94 	71,94 
12.10.09	71,43 	71,43 	71,43 	71,43 
09.10.09	70,25 	70,25 	70,25 	70,25 
08.10.09	68,79 	68,79 	68,79 	68,79 
07.10.09	68,36 	68,36 	68,36 	68,36 
06.10.09	69,39 	69,39 	69,39 	69,39 
05.10.09	66,36 	66,36 	66,36 	66,36 
02.10.09	67,42 	67,42 	67,42 	67,42 
01.10.09	69,07 	69,07 	69,07 	69,07 
30.09.09	66,30 	66,30 	66,30 	66,30 
29.09.09	65,35 	65,35 	65,35 	65,35 
28.09.09	65,46 	65,46 	65,46 	65,46 
25.09.09	64,86 	64,86 	64,86 	64,86 
24.09.09	65,43 	65,43 	65,43 	65,43 
23.09.09	67,98 	67,98 	67,98 	67,98 
22.09.09	70,19 	70,19 	70,19 	70,19 
21.09.09	68,21 	68,21 	68,21 	68,21 
18.09.09	71,36 	71,36 	71,36 	71,36 
17.09.09	71,49 	71,49 	71,49 	71,49 
16.09.09	70,18 	70,18 	70,18 	70,18 
15.09.09	68,25 	68,25 	68,25 	68,25 
14.09.09	67,49 	67,49 	67,49 	67,49 
11.09.09	69,93 	69,93 	69,93 	69,93 
10.09.09	70,52 	70,52 	70,52 	70,52 
09.09.09	70,48 	70,48 	70,48 	70,48 
08.09.09	69,72 	69,72 	69,72 	69,72 
07.09.09	67,27 	67,27 	67,27 	67,27 
04.09.09	66,36 	66,36 	66,36 	66,36 
03.09.09	67,44 	67,44 	67,44 	67,44 
02.09.09	67,91 	67,91 	67,91 	67,91 
01.09.09	70,26 	70,26 	70,26 	70,26 
31.08.09	69,72 	69,72 	69,72 	69,72 
28.08.09	73,18 	73,18 	73,18 	73,18 
27.08.09	70,57 	70,57 	70,57 	70,57 
26.08.09	71,18 	71,18 	71,18 	71,18 
25.08.09	73,27 	73,27 	73,27 	73,27 
24.08.09	74,37 	74,37 	74,37 	74,37 
21.08.09	74,06 	74,06 	74,06 	74,06 
20.08.09	73,87 	73,87 	73,87 	73,87 
19.08.09	73,34 	73,34 	73,34 	73,34 
18.08.09	70,57 	70,57 	70,57 	70,57 
17.08.09	69,51 	69,51 	69,51 	69,51 
14.08.09	72,32 	72,32 	72,32 	72,32 
13.08.09	74,14 	74,14 	74,14 	74,14 
12.08.09	72,98 	72,98 	72,98 	72,98 
11.08.09	72,69 	72,69 	72,69 	72,69 
10.08.09	74,00 	74,00 	74,00 	74,00 
07.08.09	74,52 	74,52 	74,52 	74,52 
06.08.09	74,78 	74,78 	74,78 	74,78 
05.08.09	74,29 	74,29 	74,29 	74,29 
04.08.09	73,59 	73,59 	73,59 	73,59 
03.08.09	73,55 	73,55 	73,55 	73,55 
31.07.09	69,97 	69,97 	69,97 	69,97 
30.07.09	69,72 	69,72 	69,72 	69,72 
29.07.09	67,45 	67,45 	67,45 	67,45 
28.07.09	69,60 	69,60 	69,60 	69,60 
27.07.09	70,38 	70,38 	70,38 	70,38 
24.07.09	69,23 	69,23 	69,23 	69,23 
23.07.09	68,11 	68,11 	68,11 	68,11 
22.07.09	66,65 	66,65 	66,65 	66,65 
21.07.09	67,17 	67,17 	67,17 	67,17 
20.07.09	65,61 	65,61 	65,61 	65,61 
17.07.09	64,75 	64,75 	64,75 	64,75 
16.07.09	63,62 	63,62 	63,62 	63,62 
15.07.09	62,12 	62,12 	62,12 	62,12 
14.07.09	60,99 	60,99 	60,99 	60,99 
13.07.09	60,19 	60,19 	60,19 	60,19 
10.07.09	60,02 	60,02 	60,02 	60,02 
09.07.09	60,49 	60,49 	60,49 	60,49 
08.07.09	61,80 	61,80 	61,80 	61,80 
07.07.09	63,15 	63,15 	63,15 	63,15 
06.07.09	64,08 	64,08 	64,08 	64,08 
03.07.09	66,08 	66,08 	66,08 	66,08 
02.07.09	66,59 	66,59 	66,59 	66,59 
01.07.09	69,74 	69,74 	69,74 	69,74 
30.06.09	69,16 	69,16 	69,16 	69,16 
29.06.09	70,64 	70,64 	70,64 	70,64 
26.06.09	68,95 	68,95 	68,95 	68,95 
25.06.09	69,09 	69,09 	69,09 	69,09 
24.06.09	68,87 	68,87 	68,87 	68,87 
23.06.09	66,81 	66,81 	66,81 	66,81 
22.06.09	66,60 	66,60 	66,60 	66,60 
19.06.09	71,47 	71,47 	71,47 	71,47 
18.06.09	70,55 	70,55 	70,55 	70,55 
17.06.09	69,41 	69,41 	69,41 	69,41 
16.06.09	71,78 	71,78 	71,78 	71,78 
15.06.09	70,08 	70,08 	70,08 	70,08 
12.06.09	70,82 	70,82 	70,82 	70,82 
11.06.09	71,32 	71,32 	71,32 	71,32 
10.06.09	70,54 	70,54 	70,54 	70,54 
09.06.09	68,95 	68,95 	68,95 	68,95 
08.06.09	68,13 	68,13 	68,13 	68,13 
05.06.09	68,33 	68,33 	68,33 	68,33 
04.06.09	68,02 	68,02 	68,02 	68,02 
03.06.09	67,10 	67,10 	67,10 	67,10 
02.06.09	68,06 	68,06 	68,06 	68,06 
01.06.09	66,79 	66,79 	66,79 	66,79 
29.05.09	65,31 	65,31 	65,31 	65,31 
28.05.09	62,53 	62,53 	62,53 	62,53 
27.05.09	61,53 	61,53 	61,53 	61,53 
26.05.09	60,48 	60,48 	60,48 	60,48 
25.05.09	60,20 	60,20 	60,20 	60,20 
22.05.09	59,94 	59,94 	59,94 	59,94 
21.05.09	59,08 	59,08 	59,08 	59,08 
20.05.09	60,03 	60,03 	60,03 	60,03 
19.05.09	57,87 	57,87 	57,87 	57,87 
18.05.09	57,95 	57,95 	57,95 	57,95 
15.05.09	57,69 	57,69 	57,69 	57,69 
14.05.09	57,34 	57,34 	57,34 	57,34 
13.05.09	57,85 	57,85 	57,85 	57,85 
12.05.09	57,80 	57,80 	57,80 	57,80 
11.05.09	57,00 	57,00 	57,00 	57,00 
08.05.09	56,97 	56,97 	56,97 	56,97 
07.05.09	57,05 	57,05 	57,05 	57,05 
06.05.09	55,53 	55,53 	55,53 	55,53 
05.05.09	53,91 	53,91 	53,91 	53,91 
04.05.09	53,64 	53,64 	53,64 	53,64 
01.05.09	51,90 	51,90 	51,90 	51,90 
30.04.09	50,77 	50,77 	50,77 	50,77 
29.04.09	50,86 	50,86 	50,86 	50,86 
28.04.09	49,42 	49,42 	49,42 	49,42 
27.04.09	49,91 	49,91 	49,91 	49,91 
24.04.09	51,80 	51,80 	51,80 	51,80 
23.04.09	50,03 	50,03 	50,03 	50,03 
22.04.09	49,08 	49,08 	49,08 	49,08 
21.04.09	49,36 	49,36 	49,36 	49,36 
20.04.09	49,87 	49,87 	49,87 	49,87 
17.04.09	53,15 	53,15 	53,15 	53,15 
16.04.09	52,80 	52,80 	52,80 	52,80 
15.04.09	52,06 	52,06 	52,06 	52,06 
14.04.09	52,31 	52,31 	52,31 	52,31 
13.04.09	51,02 	51,02 	51,02 	51,02 
09.04.09	53,41 	53,41 	53,41 	53,41 
08.04.09	52,40 	52,40 	52,40 	52,40 
07.04.09	50,96 	50,96 	50,96 	50,96 
06.04.09	51,87 	51,87 	51,87 	51,87 
03.04.09	51,99 	51,99 	51,99 	51,99 
02.04.09	52,48 	52,48 	52,48 	52,48 
01.04.09	47,87 	47,87 	47,87 	47,87 
31.03.09	47,64 	47,64 	47,64 	47,64 
30.03.09	50,00 	50,00 	50,00 	50,00 
27.03.09	51,56 	51,56 	51,56 	51,56 
26.03.09	52,84 	52,84 	52,84 	52,84 
25.03.09	52,76 	52,76 	52,76 	52,76 
24.03.09	52,56 	52,56 	52,56 	52,56 
23.03.09	53,54 	53,54 	53,54 	53,54 
22.03.09	51,44 	51,44 	51,44 	51,44 
20.03.09	50,66 	50,66 	50,66 	50,66 
19.03.09	50,30 	50,30 	50,30 	50,30 
18.03.09	46,59 	46,59 	46,59 	46,59 
17.03.09	47,35 	47,35 	47,35 	47,35 
16.03.09	45,54 	45,54 	45,54 	45,54 
15.03.09	44,64 	44,64 	44,64 	44,64 
13.03.09	45,66 	45,66 	45,66 	45,66 
12.03.09	42,12 	42,12 	42,12 	42,12 
11.03.09	43,51 	43,51 	43,51 	43,51 
10.03.09	45,12 	45,12 	45,12 	45,12 
09.03.09	45,12 	45,12 	45,12 	45,12 
08.03.09	44,73 	44,73 	44,73 	44,73 
06.03.09	43,28 	43,28 	43,28 	43,28 
05.03.09	44,97 	44,97 	44,97 	44,97 
04.03.09	46,11 	46,11 	46,11 	46,11 
03.03.09	42,81 	42,81 	42,81 	42,81 
02.03.09	42,44 	42,44 	42,44 	42,44 
01.03.09	45,72 	45,72 	45,72 	45,72 
27.02.09	45,24 	45,24 	45,24 	45,24 
26.02.09	46,26 	46,26 	46,26 	46,26 
25.02.09	42,14 	42,14 	42,14 	42,14 
24.02.09	41,26 	41,26 	41,26 	41,26 
23.02.09	41,93 	41,93 	41,93 	41,93 
22.02.09	41,68 	41,68 	41,68 	41,68 
20.02.09	41,00 	41,00 	41,00 	41,00 
19.02.09	40,51 	40,51 	40,51 	40,51 
18.02.09	40,15 	40,15 	40,15 	40,15 
17.02.09	40,99 	40,99 	40,99 	40,99 
16.02.09	44,26 	44,26 	44,26 	44,26 
15.02.09	44,82 	44,82 	44,82 	44,82 
13.02.09	45,38 	45,38 	45,38 	45,38 
12.02.09	45,48 	45,48 	45,48 	45,48 
11.02.09	44,54 	44,54 	44,54 	44,54 
10.02.09	46,36 	46,36 	46,36 	46,36 
09.02.09	48,03 	48,03 	48,03 	48,03 
08.02.09	46,36 	46,36 	46,36 	46,36 
06.02.09	45,07 	45,07 	45,07 	45,07 
05.02.09	44,68 	44,68 	44,68 	44,68 
04.02.09	44,45 	44,45 	44,45 	44,45 
03.02.09	43,96 	43,96 	43,96 	43,96 
02.02.09	44,81 	44,81 	44,81 	44,81 
01.02.09	45,73 	45,73 	45,73 	45,73 
30.01.09	45,71 	45,71 	45,71 	45,71 
29.01.09	44,78 	44,78 	44,78 	44,78 
28.01.09	44,66 	44,66 	44,66 	44,66 
27.01.09	44,84 	44,84 	44,84 	44,84 
26.01.09	49,31 	49,31 	49,31 	49,31 
23.01.09	44,16 	44,16 	44,16 	44,16 
22.01.09	44,16 	44,16 	44,16 	44,16 
21.01.09	43,34 	43,34 	43,34 	43,34 
20.01.09	44,94 	44,94 	44,94 	44,94 
19.01.09	43,97 	43,97 	43,97 	43,97 
18.01.09	46,16 	46,16 	46,16 	46,16 
16.01.09	47,39 	47,39 	47,39 	47,39 
15.01.09	46,72 	46,72 	46,72 	46,72 
14.01.09	44,00 	44,00 	44,00 	44,00 
13.01.09	44,60 	44,60 	44,60 	44,60 
12.01.09	42,35 	42,35 	42,35 	42,35 
11.01.09	44,29 	44,29 	44,29 	44,29 
09.01.09	42,93 	42,93 	42,93 	42,93 
08.01.09	44,44 	44,44 	44,44 	44,44 
07.01.09	47,86 	47,86 	47,86 	47,86 
06.01.09	49,84 	49,84 	49,84 	49,84 
05.01.09	47,74 	47,74 	47,74 	47,74 
02.01.09	45,36 	45,36 	45,36 	45,36 
01.01.09	42,29 	42,29 	42,29 	42,29 
31.12.08	40,06 	40,06 	40,06 	40,06 
30.12.08	39,13 	39,13 	39,13 	39,13 
29.12.08	39,23 	39,23 	39,23 	39,23 
28.12.08	38,45 	38,45 	38,45 	38,45 
26.12.08	37,21 	37,21 	37,21 	37,21 
25.12.08	38,73 	38,73 	38,73 	38,73 
24.12.08	38,54 	38,54 	38,54 	38,54 
23.12.08	40,49 	40,49 	40,49 	40,49 
22.12.08	42,51 	42,51 	42,51 	42,51 
19.12.08	43,55 	43,55 	43,55 	43,55 
18.12.08	44,82 	44,82 	44,82 	44,82 
17.12.08	47,78 	47,78 	47,78 	47,78 
16.12.08	46,73 	46,73 	46,73 	46,73 
15.12.08	48,12 	48,12 	48,12 	48,12 
14.12.08	46,49 	46,49 	46,49 	46,49 
12.12.08	44,98 	44,98 	44,98 	44,98 
11.12.08	45,56 	45,56 	45,56 	45,56 
10.12.08	41,36 	41,36 	41,36 	41,36 
09.12.08	42,47 	42,47 	42,47 	42,47 
08.12.08	42,97 	42,97 	42,97 	42,97 
07.12.08	40,44 	40,44 	40,44 	40,44 
05.12.08	40,68 	40,68 	40,68 	40,68 
04.12.08	44,42 	44,42 	44,42 	44,42 
03.12.08	45,79 	45,79 	45,79 	45,79 
02.12.08	47,30 	47,30 	47,30 	47,30 
01.12.08	49,50 	49,50 	49,50 	49,50 
30.11.08	52,82 	52,82 	52,82 	52,82 
28.11.08	51,42 	51,42 	51,42 	51,42 
27.11.08	53,11 	53,11 	53,11 	53,11 
26.11.08	50,98 	50,98 	50,98 	50,98 
25.11.08	51,34 	51,34 	51,34 	51,34 
24.11.08	52,53 	52,53 	52,53 	52,53 
23.11.08	49,42 	49,42 	49,42 	49,42 
21.11.08	48,25 	48,25 	48,25 	48,25 
20.11.08	49,06 	49,06 	49,06 	49,06 
19.11.08	51,61 	51,61 	51,61 	51,61 
18.11.08	51,49 	51,49 	51,49 	51,49 
17.11.08	54,86 	54,86 	54,86 	54,86 
16.11.08	53,76 	53,76 	53,76 	53,76 
14.11.08	54,23 	54,23 	54,23 	54,23 
13.11.08	55,81 	55,81 	55,81 	55,81 
12.11.08	53,83 	53,83 	53,83 	53,83 
11.11.08	55,43 	55,43 	55,43 	55,43 
10.11.08	58,11 	58,11 	58,11 	58,11 
07.11.08	57,72 	57,72 	57,72 	57,72 
06.11.08	58,14 	58,14 	58,14 	58,14 
05.11.08	64,23 	64,23 	64,23 	64,23 
04.11.08	64,12 	64,12 	64,12 	64,12 
03.11.08	62,92 	62,92 	62,92 	62,92 
02.11.08	65,29 	65,29 	65,29 	65,29 
31.10.08	61,68 	61,68 	61,68 	61,68 
30.10.08	63,79 	63,79 	63,79 	63,79 
29.10.08	66,55 	66,55 	66,55 	66,55 
28.10.08	61,43 	61,43 	61,43 	61,43 
27.10.08	60,97 	60,97 	60,97 	60,97 
26.10.08	62,52 	62,52 	62,52 	62,52 
24.10.08	62,54 	62,54 	62,54 	62,54 
23.10.08	67,05 	67,05 	67,05 	67,05 
22.10.08	66,01 	66,01 	66,01 	66,01 
21.10.08	68,74 	68,74 	68,74 	68,74 
20.10.08	70,55 	70,55 	70,55 	70,55 
17.10.08	69,22 	69,22 	69,22 	69,22 
16.10.08	69,64 	69,64 	69,64 	69,64 
15.10.08	70,31 	70,31 	70,31 	70,31 
14.10.08	76,71 	76,71 	76,71 	76,71 
13.10.08	76,94 	76,94 	76,94 	76,94 
10.10.08	76,65 	76,65 	76,65 	76,65 
09.10.08	82,86 	82,86 	82,86 	82,86 
08.10.08	82,84 	82,84 	82,84 	82,84 
07.10.08	85,76 	85,76 	85,76 	85,76 
06.10.08	86,68 	86,68 	86,68 	86,68 
03.10.08	92,32 	92,32 	92,32 	92,32 
02.10.08	91,27 	91,27 	91,27 	91,27 
01.10.08	93,13 	93,13 	93,13 	93,13 
30.09.08	96,22 	96,22 	96,22 	96,22 
29.09.08	98,02 	98,02 	98,02 	98,02 
26.09.08	102,47 	102,47 	102,47 	102,47 
25.09.08	101,52 	101,52 	101,52 	101,52 
24.09.08	104,45 	104,45 	104,45 	104,45 
23.09.08	104,31 	104,31 	104,31 	104,31 
22.09.08	102,73 	102,73 	102,73 	102,73 
19.09.08	97,37 	97,37 	97,37 	97,37 
18.09.08	94,62 	94,62 	94,62 	94,62 
17.09.08	91,40 	91,40 	91,40 	91,40 
16.09.08	91,25 	91,25 	91,25 	91,25 
15.09.08	94,68 	94,68 	94,68 	94,68 
12.09.08	98,57 	98,57 	98,57 	98,57 
11.09.08	97,54 	97,54 	97,54 	97,54 
10.09.08	99,35 	99,35 	99,35 	99,35 
09.09.08	101,51 	101,51 	101,51 	101,51 
08.09.08	104,80 	104,80 	104,80 	104,80 
05.09.08	104,17 	104,17 	104,17 	104,17 
04.09.08	107,49 	107,49 	107,49 	107,49 
03.09.08	106,67 	106,67 	106,67 	106,67 
02.09.08	107,64 	107,64 	107,64 	107,64 
01.09.08	109,49 	109,49 	109,49 	109,49 
31.08.08	113,83 	113,83 	113,83 	113,83 
29.08.08	113,83 	113,83 	113,83 	113,83 
28.08.08	114,45 	114,45 	114,45 	114,45 
27.08.08	116,25 	116,25 	116,25 	116,25 
26.08.08	114,19 	114,19 	114,19 	114,19 
25.08.08	114,43 	114,43 	114,43 	114,43 
24.08.08	113,71 	113,71 	113,71 	113,71 
22.08.08	114,09 	114,09 	114,09 	114,09 
21.08.08	120,70 	120,70 	120,70 	120,70 
20.08.08	114,78 	114,78 	114,78 	114,78 
19.08.08	111,10 	111,10 	111,10 	111,10 
18.08.08	111,78 	111,78 	111,78 	111,78 
15.08.08	114,96 	110,82 	114,96 	110,82 
14.08.08	114,96 	114,96 	114,96 	114,96 
13.08.08	111,58 	111,58 	111,58 	111,58 
12.08.08	111,35 	111,35 	111,35 	111,35 
11.08.08	114,32 	114,32 	114,32 	114,32 
08.08.08	116,26 	116,26 	116,26 	116,26 
07.08.08	118,70 	118,70 	118,70 	118,70 
06.08.08	117,81 	117,81 	117,81 	117,81 
05.08.08	118,255 	118,255 	118,255 	118,255 
04.08.08	124,32 	124,32 	124,32 	124,32 
01.08.08	122,49 	122,49 	122,49 	122,49 
31.07.08	125,27 	124,19 	125,27 	124,19 
30.07.08	121,32 	121,32 	121,32 	121,32 
29.07.08	125,72 	125,72 	125,72 	125,72 
28.07.08	125,18 	125,18 	125,18 	125,18 
25.07.08	125,98 	125,98 	125,98 	125,98 
24.07.08	124,98 	124,98 	124,98 	124,98 
23.07.08	126,52 	126,52 	126,52 	126,52 
22.07.08	132,17 	132,17 	132,17 	132,17 
21.07.08	131,64 	131,64 	131,64 	131,64 
18.07.08	131,20 	131,20 	131,20 	131,20 
17.07.08	136,36 	136,36 	136,36 	136,36 
16.07.08	138,44 	138,44 	138,44 	138,44 
15.07.08	144,90 	144,90 	144,90 	144,90 
14.07.08	143,27 	143,27 	143,27 	143,27 
11.07.08	143,26 	143,26 	143,26 	143,26 
10.07.08	136,90 	136,90 	136,90 	136,90 
09.07.08	138,39 	138,39 	138,39 	138,39 
08.07.08	142,31 	142,31 	142,31 	142,31 
07.07.08	143,65 	143,65 	143,65 	143,65 
04.07.08	145,16 	145,16 	145,16 	145,16 
03.07.08	145,01 	145,01 	145,01 	145,01 
01.07.08	143,01 	143,01 	143,01 	143,01 
30.06.08	141,39 	141,39 	141,39 	141,39 
27.06.08	139,83 	139,83 	139,83 	139,83 
26.06.08	134,07 	134,07 	134,07 	134,07 
25.06.08	135,75 	135,75 	135,75 	135,75 
24.06.08	136,45 	136,45 	136,45 	136,45 
23.06.08	135,77 	135,77 	135,77 	135,77 
20.06.08	134,74 	134,74 	134,74 	134,74 
19.06.08	132,47 	132,47 	132,47 	132,47 
18.06.08	132,08 	132,08 	132,08 	132,08 
17.06.08	132,11 	132,11 	132,11 	132,11 
16.06.08	133,19 	133,19 	136,35 	136,35 
13.06.08	133,19 	133,19 	133,19 	133,19 
12.06.08	132,41 	132,41 	132,41 	132,41 
11.06.08	133,90 	133,90 	133,90 	133,90 
10.06.08	136,19 	136,19 	136,19 	136,19 
09.06.08	136,00 	136,00 	136,00 	136,00 
06.06.08	133,17 	133,17 	133,17 	133,17 
05.06.08	122,18 	122,18 	122,64 	122,64 
04.06.08	124,22 	120,69 	124,52 	120,84 
03.06.08	127,10 	127,10 	127,10 	127,10 
02.06.08	126,18 	126,18 	126,18 	126,18 
30.05.08	126,16 	126,16 	126,16 	126,16 
29.05.08	129,98 	129,98 	129,98 	129,98 
28.05.08	125,28 	125,28 	125,28 	125,28 
27.05.08	130,14 	130,14 	130,14 	130,14 
26.05.08	131,15 	131,15 	131,15 	131,15 
23.05.08	130,97 	130,97 	130,97 	130,97 
22.05.08	132,38 	132,38 	132,38 	132,38 
21.05.08	127,34 	127,34 	127,34 	127,34 
20.05.08	123,14 	123,14 	123,14 	123,14 
19.05.08	124,32 	124,32 	124,32 	124,32 
16.05.08	124,13 	124,13 	124,13 	124,13 
15.05.08	122,91 	122,91 	122,91 	122,91 
14.05.08	122,03 	122,03 	122,03 	122,03 
13.05.08	122,25 	122,25 	122,25 	122,25 
12.05.08	123,93 	123,93 	123,93 	123,93 
08.05.08	122,46 	122,46 	122,46 	122,46 
07.05.08	120,49 	120,49 	120,49 	120,49 
06.05.08	119,70 	119,70 	119,70 	119,70 
05.05.08	116,255 	116,255 	116,255 	116,255 
02.05.08	111,19 	111,19 	111,19 	111,19 
01.05.08	110,75 	110,75 	110,75 	110,75 
30.04.08	113,69 	113,69 	113,69 	113,69 
29.04.08	115,83 	115,83 	115,83 	115,83 
28.04.08	117,06 	117,06 	117,06 	117,06 
25.04.08	116,35 	116,35 	116,35 	116,35 
24.04.08	115,49 	115,49 	115,49 	115,49 
23.04.08	115,00 	115,00 	115,00 	115,00 
22.04.08	114,75 	114,75 	114,75 	114,75 
21.04.08	114,94 	114,94 	114,94 	114,94 
18.04.08	111,09 	111,09 	111,09 	111,09 
17.04.08	113,22 	113,22 	113,22 	113,22 
16.04.08	111,58 	111,58 	111,58 	111,58 
15.04.08	111,10 	111,10 	111,10 	111,10 
14.04.08	109,42 	109,42 	109,42 	109,42 
11.04.08	108,70 	108,70 	108,70 	108,70 
10.04.08	108,47 	108,47 	108,47 	108,47 
09.04.08	106,66 	106,66 	106,66 	106,66 
08.04.08	106,71 	106,02 	106,71 	106,02 
07.04.08	103,23 	103,23 	106,71 	106,71 
04.04.08	103,25 	103,25 	103,25 	103,25 
03.04.08	102,59 	102,59 	102,59 	102,59 
02.04.08	99,95 	99,95 	99,95 	99,95 
01.04.08	99,44 	99,44 	99,44 	99,44 
31.03.08	104,86 	104,86 	104,86 	104,86 
28.03.08	104,46 	104,46 	104,46 	104,46 
27.03.08	104,70 	104,70 	104,70 	104,70 
26.03.08	103,72 	103,72 	103,72 	103,72 
25.03.08	99,61 	99,61 	99,61 	99,61 
20.03.08	100,74 	100,74 	100,74 	100,74 
18.03.08	104,81 	104,81 	104,81 	104,81 
17.03.08	104,90 	104,90 	104,90 	104,90 
14.03.08	108,13 	108,13 	108,13 	108,13 
13.03.08	106,22 	106,22 	106,22 	106,22 
12.03.08	105,34 	105,34 	105,34 	105,34 
11.03.08	104,84 	104,84 	104,84 	104,84 
10.03.08	102,04 	102,04 	102,04 	102,04 
07.03.08	102,69 	102,69 	102,69 	102,69 
06.03.08	101,99 	101,99 	101,99 	101,99 
05.03.08	98,15 	98,15 	98,15 	98,15 
04.03.08	101,12 	101,12 	101,12 	101,12 
03.03.08	102,31 	102,31 	102,31 	102,31 
29.02.08	100,54 	100,54 	100,54 	100,54 
28.02.08	97,95 	97,95 	97,95 	97,95 
27.02.08	99,85 	99,85 	99,85 	99,85 
26.02.08	97,78 	97,78 	97,78 	97,78 
22.02.08	97,30 	97,30 	97,30 	97,30 
21.02.08	98,25 	98,25 	98,25 	98,25 
20.02.08	98,15 	98,15 	98,15 	98,15 
19.02.08	96,79 	96,79 	96,79 	96,79 
18.02.08	95,71 	95,71 	95,71 	95,71 
15.02.08	95,36 	95,36 	95,36 	95,36 
12.02.08	93,23 	93,23 	93,23 	93,23 
08.02.08	89,12 	89,12 	89,12 	89,12 
07.02.08	87,47 	87,47 	87,47 	87,47 
06.02.08	89,56 	89,56 	89,56 	89,56 
05.02.08	89,02 	89,02 	89,02 	89,02 
04.02.08	89,30 	89,30 	89,30 	89,30 
01.02.08	92,36 	92,36 	92,36 	92,36 
31.01.08	92,91 	92,91 	92,91 	92,91 
30.01.08	92,91 	92,91 	92,91 	92,91 
29.01.08	91,51 	91,51 	91,51 	91,51 
28.01.08	90,21 	90,21 	90,21 	90,21 
24.01.08	88,09 	88,09 	88,09 	88,09 
23.01.08	86,96 	86,96 	86,96 	86,96 
22.01.08	86,96 	86,96 	86,96 	86,96 
21.01.08	89,93 	89,93 	89,93 	89,93 
18.01.08	89,85 	89,85 	89,85 	89,85 
17.01.08	90,35 	90,35 	90,35 	90,35 
16.01.08	90,35 	90,35 	90,35 	90,35 
15.01.08	91,25 	91,25 	91,25 	91,25 
14.01.08	92,50 	92,50 	92,50 	92,50 
11.01.08	92,46 	92,46 	92,46 	92,46 
10.01.08	93,97 	93,97 	93,97 	93,97 
09.01.08	95,82 	95,82 	95,82 	95,82 
08.01.08	95,15 	95,15 	95,15 	95,15 
07.01.08	96,85 	96,85 	96,85 	96,85 
04.01.08	97,56 	97,56 	97,56 	97,56 
03.01.08	97,86 	97,86 	97,86 	97,86 
02.01.08	95,23 	95,23 	95,23 	95,23 
28.12.07	95,72 	95,72 	95,72 	95,72 
27.12.07	94,01 	94,01 	94,01 	94,01 
21.12.07	91,845 	91,845 	91,845 	91,845 
20.12.07	92,19 	92,19 	92,19 	92,19 
19.12.07	91,41 	91,41 	91,41 	91,41 
18.12.07	92,34 	92,34 	92,34 	92,34 
17.12.07	91,73 	91,73 	91,73 	91,73 
14.12.07	92,38 	92,38 	92,38 	92,38 
13.12.07	93,17 	93,17 	93,17 	93,17 
12.12.07	90,60 	90,60 	90,60 	90,60 
11.12.07	88,77 	88,77 	88,77 	88,77 
10.12.07	89,68 	89,68 	89,68 	89,68 
07.12.07	90,23 	90,23 	90,23 	90,23 
06.12.07	88,21 	88,21 	88,21 	88,21 
05.12.07	91,32 	91,32 	91,32 	91,32 
04.12.07	89,56 	89,56 	89,56 	89,56 
30.11.07	88,91 	88,91 	88,91 	88,91 
29.11.07	91,08 	91,08 	91,08 	91,08 
28.11.07	93,05 	93,05 	93,05 	93,05 
27.11.07	93,63 	93,63 	93,63 	93,63 
26.11.07	96,42 	96,42 	96,42 	96,42 
23.11.07	94,33 	94,33 	94,33 	94,33 
21.11.07	95,80 	95,80 	95,80 	95,80 
20.11.07	93,76 	93,76 	93,76 	93,76 
19.11.07	92,48 	92,48 	92,48 	92,48 
16.11.07	91,70 	91,70 	91,70 	91,70 
15.11.07	91,23 	91,23 	91,23 	91,23 
14.11.07	90,57 	90,57 	90,57 	90,57 
13.11.07	90,76 	90,76 	90,76 	90,76 
12.11.07	93,12 	93,12 	93,12 	93,12 
09.11.07	91,99 	91,99 	91,99 	91,99 
08.11.07	94,17 	94,17 	94,17 	94,17 
07.11.07	94,67 	94,67 	94,67 	94,67 
06.11.07	92,29 	92,29 	92,29 	92,29 
05.11.07	90,57 	90,57 	90,57 	90,57 
02.11.07	90,37 	90,37 	90,37 	90,37 
01.11.07	91,48 	91,48 	91,48 	91,48 
31.10.07	87,90 	87,90 	87,90 	87,90 
30.10.07	89,43 	89,43 	89,43 	89,43 
29.10.07	88,62 	88,62 	88,62 	88,62 
26.10.07	88,43 	88,43 	88,43 	88,43 
25.10.07	86,37 	86,37 	86,37 	86,37 
24.10.07	83,23 	83,23 	83,23 	83,23 
23.10.07	83,53 	83,53 	83,53 	83,53 
22.10.07	83,71 	83,71 	83,71 	83,71 
18.10.07	83,86 	83,86 	83,86 	83,86 
17.10.07	84,64 	84,64 	84,64 	84,64 
16.10.07	83,30 	83,30 	83,30 	83,30 
15.10.07	81,84 	81,84 	81,84 	81,84 
12.10.07	79,98 	79,98 	79,98 	79,98 
11.10.07	79,28 	79,28 	79,28 	79,28 
10.10.07	77,50 	77,50 	77,50 	77,50 
09.10.07	76,08 	76,08 	76,08 	76,08 
08.10.07	77,61 	77,61 	77,61 	77,61 
05.10.07	78,95 	78,95 	78,95 	78,95 
04.10.07	77,06 	77,06 	77,06 	77,06 
03.10.07	77,68 	77,68 	77,68 	77,68 
02.10.07	76,81 	76,81 	76,81 	76,81 
01.10.07	78,87 	78,87 	78,87 	78,87 
28.09.07	81,11 	81,11 	81,11 	81,11 
27.09.07	78,40 	78,40 	78,40 	78,40 
25.09.07	78,25 	78,25 	78,25 	78,25 
24.09.07	78,35 	78,35 	78,35 	78,35 
21.09.07	79,19 	79,19 	79,19 	79,19 
20.09.07	78,03 	78,03 	78,03 	78,03 
19.09.07	78,00 	78,00 	78,00 	78,00 
18.09.07	76,82 	76,82 	76,82 	76,82 
17.09.07	76,76 	76,76 	76,76 	76,76 
14.09.07	77,08 	77,08 	77,08 	77,08 
12.09.07	76,83 	76,83 	76,83 	76,83 
11.09.07	75,68 	75,68 	75,68 	75,68 
07.09.07	74,56 	74,56 	74,56 	74,56 
06.09.07	75,38 	75,38 	75,38 	75,38 
05.09.07	74,28 	74,28 	74,28 	74,28 
04.09.07	73,81 	73,81 	73,81 	73,81 
03.09.07	73,19 	73,19 	73,19 	73,19 
30.08.07	72,38 	72,38 	72,38 	72,38 
29.08.07	71,40 	71,40 	71,40 	71,40 
28.08.07	70,91 	70,91 	70,91 	70,91 
27.08.07	70,59 	70,59 	70,59 	70,59 
24.08.07	70,66 	70,66 	70,66 	70,66 
23.08.07	69,58 	69,58 	69,58 	69,58 
22.08.07	69,36 	69,36 	69,36 	69,36 
17.08.07	70,11 	70,11 	70,11 	70,11 
16.08.07	69,84 	69,84 	69,84 	69,84 
14.08.07	70,49 	70,49 	70,49 	70,49 
13.08.07	71,46 	71,46 	71,46 	71,46 
10.08.07	69,93 	69,93 	69,93 	69,93 
08.08.07	71,55 	71,55 	71,55 	71,55 
07.08.07	70,52 	70,52 	71,50 	71,50 
03.08.07	75,91 	75,91 	75,91 	75,91 
30.07.07	76,43 	76,43 	76,43 	76,43 
27.07.07	76,03 	76,03 	76,03 	76,03 
25.07.07	75,25 	75,25 	75,25 	75,25 
24.07.07	76,90 	76,90 	76,90 	76,90 
23.07.07	78,56 	78,56 	78,56 	78,56 
20.07.07	78,68 	78,68 	78,68 	78,68 
19.07.07	78,34 	78,34 	78,34 	78,34 
18.07.07	76,69 	76,69 	76,69 	76,69 
17.07.07	78,09 	78,09 	78,09 	78,09 
16.07.07	78,58 	78,58 	78,58 	78,58 
13.07.07	76,86 	76,86 	76,86 	76,86 
12.07.07	76,78 	76,78 	76,78 	76,78 
11.07.07	76,75 	76,75 	76,75 	76,75 
10.07.07	75,90 	75,90 	75,90 	75,90 
09.07.07	75,65 	75,65 	75,65 	75,65 
05.07.07	73,80 	73,80 	73,80 	73,80 
03.07.07	72,63 	72,63 	72,63 	72,63 
29.06.07	71,82 	71,82 	71,82 	71,82 
28.06.07	71,13 	71,13 	71,13 	71,13 
27.06.07	69,73 	69,73 	69,73 	69,73 
22.06.07	70,38 	70,38 	70,38 	70,38 
21.06.07	71,08 	71,08 	71,08 	71,08 
20.06.07	71,42 	71,42 	71,42 	71,42 
19.06.07	72,04 	72,04 	72,04 	72,04 
18.06.07	71,10 	71,10 	71,10 	71,10 
15.06.07	70,67 	70,67 	70,67 	70,67 
14.06.07	70,24 	70,24 	70,24 	70,24 
13.06.07	68,86 	68,86 	68,86 	68,86 
12.06.07	69,16 	69,16 	69,16 	69,16 
11.06.07	68,40 	68,40 	68,40 	68,40 
08.06.07	70,83 	70,83 	70,83 	70,83 
07.06.07	71,13 	71,13 	71,13 	71,13 
06.06.07	70,54 	70,54 	70,54 	70,54 
04.06.07	69,39 	69,39 	69,39 	69,39 
01.06.07	68,07 	68,07 	68,07 	68,07 
31.05.07	67,74 	67,74 	67,74 	67,74 
30.05.07	68,05 	68,05 	68,05 	68,05 
29.05.07	69,42 	69,42 	69,42 	69,42 
28.05.07	70,56 	70,56 	70,56 	70,56 
25.05.07	70,95 	70,95 	70,95 	70,95 
24.05.07	71,46 	71,46 	71,46 	71,46 
23.05.07	69,80 	69,80 	69,80 	69,80 
22.05.07	70,45 	70,45 	70,45 	70,45 
21.05.07	69,36 	69,36 	69,36 	69,36 
18.05.07	70,02 	70,02 	70,02 	70,02 
16.05.07	67,84 	67,84 	67,84 	67,84 
15.05.07	65,96 	65,96 	65,96 	65,96 
14.05.07	67,28 	67,28 	67,28 	67,28 
10.05.07	65,83 	65,83 	65,83 	65,83 
09.05.07	66,03 	66,03 	66,03 	66,03 
08.05.07	64,96 	64,96 	64,96 	64,96 
07.05.07	64,74 	64,74 	64,74 	64,74 
03.05.07	66,97 	66,97 	66,97 	66,97 
02.05.07	67,03 	67,03 	67,03 	67,03 
01.05.07	67,91 	67,91 	67,91 	67,91 
30.04.07	68,06 	68,06 	68,06 	68,06 
26.04.07	67,99 	67,99 	67,99 	67,99 
25.04.07	67,63 	67,63 	67,63 	67,63 
24.04.07	68,40 	68,40 	68,40 	68,40 
23.04.07	67,13 	67,13 	67,13 	67,13 
19.04.07	65,81 	65,81 	65,81 	65,81 
18.04.07	65,98 	65,98 	65,98 	65,98 
17.04.07	67,11 	67,11 	67,11 	67,11 
16.04.07	68,73 	68,73 	68,73 	68,73 
13.04.07	69,45 	69,45 	69,45 	69,45 
12.04.07	68,73 	68,73 	68,73 	68,73 
11.04.07	67,89 	67,89 	67,89 	67,89 
09.04.07	68,42 	68,42 	68,42 	68,42 
05.04.07	68,76 	68,76 	68,76 	68,76 
04.04.07	67,18 	67,18 	67,18 	67,18 
03.04.07	67,72 	67,72 	67,72 	67,72 
02.04.07	68,19 	68,19 	68,19 	68,19 
30.03.07	68,10 	68,10 	68,10 	68,10 
29.03.07	66,25 	66,25 	66,25 	66,25 
28.03.07	66,10 	66,10 	66,10 	66,10 
27.03.07	64,25 	64,25 	64,25 	64,25 
26.03.07	63,76 	63,76 	63,76 	63,76 
23.03.07	63,56 	63,56 	63,56 	63,56 
22.03.07	61,63 	61,63 	61,63 	61,63 
21.03.07	60,52 	60,52 	60,52 	60,52 
20.03.07	60,37 	60,37 	60,37 	60,37 
19.03.07	60,15 	60,15 	60,15 	60,15 
15.03.07	61,32 	61,32 	61,32 	61,32 
14.03.07	60,79 	60,79 	60,79 	60,79 
13.03.07	61,92 	61,92 	61,92 	61,92 
12.03.07	60,35 	60,35 	60,35 	60,35 
09.03.07	62,18 	62,18 	62,18 	62,18 
08.03.07	62,34 	62,34 	62,34 	62,34 
07.03.07	61,58 	61,58 	61,58 	61,58 
06.03.07	60,86 	60,86 	60,86 	60,86 
05.03.07	60,87 	60,87 	60,87 	60,87 
02.03.07	62,45 	62,45 	62,45 	62,45 
01.03.07	62,52 	62,52 	62,52 	62,52 
28.02.07	60,01 	60,01 	60,01 	60,01 
27.02.07	59,50 	59,50 	59,50 	59,50 
26.02.07	60,45 	60,45 	60,45 	60,45 
22.02.07	58,26 	58,26 	58,26 	58,26 
21.02.07	56,37 	56,37 	56,37 	56,37 
20.02.07	57,97 	57,97 	57,97 	57,97 
15.02.07	56,15 	56,15 	56,15 	56,15 
13.02.07	56,83 	56,83 	56,83 	56,83 
12.02.07	57,86 	57,86 	57,86 	57,86 
09.02.07	58,56 	58,56 	58,56 	58,56 
08.02.07	57,12 	57,12 	57,12 	57,12 
07.02.07	58,79 	58,79 	58,79 	58,79 
06.02.07	58,92 	58,92 	58,92 	58,92 
05.02.07	58,32 	58,32 	58,32 	58,32 
02.02.07	57,14 	57,14 	57,14 	57,14 
01.02.07	57,60 	57,60 	57,60 	57,60 
31.01.07	55,53 	55,53 	55,53 	55,53 
29.01.07	54,90 	54,90 	54,90 	54,90 
26.01.07	54,12 	54,12 	54,12 	54,12 
25.01.07	55,34 	55,34 	55,34 	55,34 
24.01.07	53,52 	53,52 	53,52 	53,52 
23.01.07	53,13 	53,13 	53,13 	53,13 
22.01.07	52,69 	52,69 	52,69 	52,69 
18.01.07	52,595 	52,595 	52,595 	52,595 
17.01.07	51,15 	51,15 	51,15 	51,15 
16.01.07	53,31 	53,31 	53,31 	53,31 
12.01.07	52,29 	52,29 	52,29 	52,29 
11.01.07	53,31 	53,31 	53,31 	53,31 
10.01.07	54,65 	54,65 	54,65 	54,65 
09.01.07	53,92 	53,92 	53,92 	53,92 
08.01.07	56,58 	56,58 	56,58 	56,58 
05.01.07	55,23 	55,23 	55,23 	55,23 
04.01.07	57,96 	57,96 	57,96 	57,96 
03.01.07	60,18 	60,18 	60,18 	60,18 
02.01.07	60,52 	60,52 	60,52 	60,52 
29.12.06	59,59 	59,59 	59,59 	59,59 
28.12.06	60,01 	60,01 	60,01 	60,01 
27.12.06	60,88 	60,88 	60,88 	60,88 
22.12.06	62,20 	62,20 	62,20 	62,20 
21.12.06	62,12 	62,12 	62,12 	62,12 
20.12.06	62,68 	62,68 	62,68 	62,68 
19.12.06	62,08 	61,00 	62,08 	61,00 
18.12.06	62,28 	62,28 	62,28 	62,28 
15.12.06	62,08 	62,08 	62,48 	62,48 
14.12.06	62,08 	62,08 	62,08 	62,08 
13.12.06	62,07 	62,07 	62,07 	62,07 
12.12.06	62,13 	62,13 	62,13 	62,13 
11.12.06	62,07 	62,07 	62,07 	62,07 
08.12.06	63,72 	63,72 	63,72 	63,72 
06.12.06	63,11 	63,11 	63,11 	63,11 
05.12.06	64,19 	64,19 	64,19 	64,19 
04.12.06	63,72 	63,72 	63,72 	63,72 
01.12.06	64,01 	64,01 	64,01 	64,01 
30.11.06	59,58 	59,58 	59,58 	59,58 
27.11.06	58,91 	58,91 	58,91 	58,91 
24.11.06	59,22 	59,22 	59,22 	59,22 
23.11.06	58,23 	58,23 	58,23 	58,23 
22.11.06	59,21 	59,21 	59,21 	59,21 
21.11.06	58,36 	58,36 	58,36 	58,36 
20.11.06	57,355 	57,355 	57,355 	57,355 
17.11.06	56,97 	56,97 	56,97 	56,97 
16.11.06	59,77 	59,77 	59,77 	59,77 
15.11.06	59,16 	59,16 	59,16 	59,16 
14.11.06	59,35 	59,35 	59,35 	59,35 
13.11.06	59,19 	59,19 	59,19 	59,19 
09.11.06	60,22 	60,22 	60,22 	60,22 
08.11.06	58,57 	58,57 	58,57 	58,57 
07.11.06	59,68 	59,68 	59,68 	59,68 
06.11.06	55,21 	55,21 	55,21 	55,21 
03.11.06	58,13 	58,13 	58,13 	58,13 
02.11.06	58,34 	58,34 	58,34 	58,34 
01.11.06	58,86 	58,86 	58,86 	58,86 
31.10.06	56,80 	56,80 	56,80 	56,80 
30.10.06	58,04 	58,04 	58,04 	58,04 
27.10.06	59,11 	59,11 	59,11 	59,11 
26.10.06	60,07 	60,07 	60,07 	60,07 
25.10.06	58,67 	58,67 	58,67 	58,67 
24.10.06	59,62 	59,62 	59,62 	59,62 
23.10.06	57,14 	57,14 	57,14 	57,14 
20.10.06	59,52 	59,52 	59,52 	59,52 
19.10.06	57,95 	57,95 	57,95 	57,95 
18.10.06	59,61 	59,61 	59,61 	59,61 
17.10.06	61,37 	61,37 	61,37 	61,37 
16.10.06	59,76 	59,76 	59,76 	59,76 
13.10.06	59,88 	59,88 	59,88 	59,88 
12.10.06	58,55 	58,55 	58,55 	58,55 
11.10.06	59,40 	59,40 	59,40 	59,40 
10.10.06	59,95 	59,95 	59,95 	59,95 
09.10.06	60,58 	60,58 	60,58 	60,58 
06.10.06	59,72 	59,72 	59,72 	59,72 
05.10.06	60,54 	60,54 	60,54 	60,54 
04.10.06	62,30 	62,30 	62,30 	62,30 
03.10.06	60,10 	60,10 	60,10 	60,10 
02.10.06	62,30 	62,30 	62,30 	62,30 
29.09.06	60,74 	60,74 	60,74 	60,74 
28.09.06	61,18 	61,18 	61,18 	61,18 
27.09.06	59,39 	59,39 	59,39 	59,39 
26.09.06	58,60 	58,60 	58,60 	58,60 
25.09.06	58,11 	58,11 	58,11 	58,11 
22.09.06	59,97 	59,97 	59,97 	59,97 
21.09.06	59,23 	59,23 	59,23 	59,23 
20.09.06	59,79 	59,79 	59,79 	59,79 
19.09.06	63,06 	63,06 	63,06 	63,06 
18.09.06	62,25 	62,25 	62,25 	62,25 
15.09.06	61,95 	61,95 	61,95 	61,95 
14.09.06	63,30 	63,30 	63,30 	63,30 
13.09.06	63,16 	63,16 	63,16 	63,16 
12.09.06	64,48 	64,48 	64,48 	64,48 
11.09.06	64,44 	64,44 	64,44 	64,44 
07.09.06	67,26 	67,26 	67,26 	67,26 
06.09.06	67,61 	67,61 	67,61 	67,61 
05.09.06	68,18 	68,18 	68,18 	68,18 
04.09.06	68,44 	68,44 	68,44 	68,44 
01.09.06	69,825 	69,825 	69,825 	69,825 
31.08.06	69,44 	69,44 	69,44 	69,44 
30.08.06	69,25 	69,25 	69,25 	69,25 
29.08.06	70,20 	70,20 	70,20 	70,20 
28.08.06	70,67 	70,67 	70,67 	70,67 
25.08.06	72,80 	72,80 	72,80 	72,80 
24.08.06	71,22 	71,22 	71,22 	71,22 
23.08.06	71,95 	71,95 	71,95 	71,95 
22.08.06	73,04 	73,04 	73,04 	73,04 
21.08.06	73,22 	73,22 	73,22 	73,22 
18.08.06	72,30 	72,30 	72,30 	72,30 
17.08.06	71,65 	71,65 	71,65 	71,65 
16.08.06	73,44 	73,44 	73,44 	73,44 
15.08.06	74,24 	74,24 	74,24 	74,24 
14.08.06	74,60 	74,60 	74,60 	74,60 
11.08.06	76,00 	76,00 	76,00 	76,00 
10.08.06	76,89 	76,89 	76,89 	76,89 
08.08.06	78,02 	78,02 	78,02 	78,02 
07.08.06	77,57 	77,57 	77,57 	77,57 
04.08.06	76,96 	76,96 	76,96 	76,96 
03.08.06	76,72 	76,72 	76,72 	76,72 
02.08.06	76,85 	76,85 	76,85 	76,85 
01.08.06	75,66 	75,66 	75,66 	75,66 
31.07.06	74,20 	74,20 	74,20 	74,20 
28.07.06	74,49 	74,49 	74,49 	74,49 
27.07.06	74,66 	74,66 	74,66 	74,66 
26.07.06	73,34 	73,34 	73,34 	73,34 
25.07.06	74,60 	74,60 	74,60 	74,60 
24.07.06	72,54 	72,54 	72,54 	72,54 
21.07.06	73,81 	73,81 	73,81 	73,81 
20.07.06	73,75 	73,75 	73,75 	73,75 
19.07.06	73,70 	73,70 	73,70 	73,70 
18.07.06	76,36 	76,36 	76,36 	76,36 
17.07.06	76,06 	76,06 	76,06 	76,06 
14.07.06	77,34 	77,34 	77,34 	77,34 
13.07.06	75,48 	75,48 	75,48 	75,48 
12.07.06	74,03 	74,03 	74,03 	74,03 
11.07.06	73,76 	73,76 	73,76 	73,76 
10.07.06	72,84 	72,84 	72,84 	72,84 
07.07.06	74,955 	74,955 	74,955 	74,955 
06.07.06	73,73 	73,73 	73,73 	73,73 
05.07.06	73,13 	73,13 	73,13 	73,13 
03.07.06	73,88 	73,88 	73,88 	73,88 
30.06.06	72,85 	72,85 	72,85 	72,85 
29.06.06	71,92 	71,92 	71,92 	71,92 
28.06.06	70,52 	70,52 	70,52 	70,52 
27.06.06	70,93 	70,93 	70,93 	70,93 
26.06.06	69,50 	69,50 	69,50 	69,50 
23.06.06	69,34 	69,34 	69,34 	69,34 
22.06.06	69,35 	69,35 	69,35 	69,35 
21.06.06	67,23 	67,23 	67,23 	67,23 
20.06.06	67,93 	67,93 	67,93 	67,93 
19.06.06	67,21 	67,21 	67,21 	67,21 
16.06.06	66,99 	66,99 	66,99 	66,99 
15.06.06	67,75 	67,75 	67,75 	67,75 
14.06.06	67,14 	67,14 	67,14 	67,14 
13.06.06	67,85 	67,85 	67,85 	67,85 
12.06.06	70,67 	70,67 	70,67 	70,67 
09.06.06	71,31 	71,31 	71,31 	71,31 
08.06.06	68,21 	68,21 	68,21 	68,21 
07.06.06	70,08 	70,08 	70,08 	70,08 
05.06.06	72,28 	72,28 	72,28 	72,28 
02.06.06	70,18 	70,18 	70,18 	70,18 
01.06.06	68,28 	68,28 	68,28 	68,28 
31.05.06	69,83 	69,83 	69,83 	69,83 
30.05.06	70,99 	70,99 	70,99 	70,99 
26.05.06	69,64 	69,64 	69,64 	69,64 
25.05.06	69,13 	69,13 	69,13 	69,13 
24.05.06	69,39 	69,39 	69,39 	69,39 
23.05.06	67,57 	67,57 	67,57 	67,57 
22.05.06	67,43 	67,43 	67,43 	67,43 
19.05.06	69,49 	69,49 	69,49 	69,49 
18.05.06	68,52 	68,52 	68,52 	68,52 
17.05.06	69,79 	69,79 	70,17 	70,17 
16.05.06	70,65 	70,65 	70,65 	70,65 
12.05.06	73,28 	73,28 	73,28 	73,28 
11.05.06	73,01 	73,01 	73,01 	73,01 
10.05.06	71,34 	71,34 	71,34 	71,34 
09.05.06	70,92 	70,92 	70,92 	70,92 
08.05.06	70,34 	70,34 	70,34 	70,34 
05.05.06	71,27 	71,27 	71,27 	71,27 
03.05.06	74,75 	74,75 	74,75 	74,75 
02.05.06	74,16 	74,16 	74,16 	74,16 
01.05.06	72,59 	72,59 	72,59 	72,59 
28.04.06	72,31 	72,31 	72,31 	72,31 
27.04.06	71,43 	71,43 	71,43 	71,43 
26.04.06	73,32 	73,32 	73,32 	73,32 
25.04.06	73,84 	73,84 	73,84 	73,84 
24.04.06	74,29 	74,29 	74,29 	74,29 
21.04.06	72,83 	72,83 	72,83 	72,83 
20.04.06	73,83 	73,83 	73,83 	73,83 
19.04.06	72,57 	72,57 	72,57 	72,57 
18.04.06	71,44 	71,44 	71,44 	71,44 
17.04.06	70,90 	70,90 	70,90 	70,90 
13.04.06	69,55 	69,55 	69,55 	69,55 
12.04.06	69,35 	69,35 	69,35 	69,35 
11.04.06	69,58 	69,58 	69,58 	69,58 
10.04.06	67,98 	67,98 	67,98 	67,98 
05.04.06	66,81 	66,81 	66,81 	66,81 
04.04.06	66,91 	66,91 	66,91 	66,91 
03.04.06	67,32 	67,32 	67,32 	67,32 
31.03.06	66,17 	66,17 	66,17 	66,17 
30.03.06	65,76 	65,76 	65,76 	65,76 
29.03.06	64,52 	64,52 	64,52 	64,52 
28.03.06	63,75 	63,75 	63,75 	63,75 
27.03.06	62,98 	62,98 	62,98 	62,98 
24.03.06	62,57 	62,57 	62,57 	62,57 
23.03.06	61,37 	61,37 	61,37 	61,37 
22.03.06	61,93 	61,93 	61,93 	61,93 
21.03.06	61,08 	61,08 	61,08 	61,08 
20.03.06	63,99 	63,99 	63,99 	63,99 
17.03.06	64,66 	64,66 	64,66 	64,66 
16.03.06	63,20 	63,20 	63,20 	63,20 
15.03.06	63,82 	63,82 	63,82 	63,82 
14.03.06	63,73 	63,73 	63,73 	63,73 
13.03.06	61,86 	61,86 	61,86 	61,86 
10.03.06	61,03 	61,03 	61,03 	61,03 
09.03.06	60,67 	60,67 	60,67 	60,67 
08.03.06	61,08 	61,08 	61,08 	61,08 
07.03.06	62,33 	62,33 	62,33 	62,33 
06.03.06	63,61 	63,61 	63,61 	63,61 
03.03.06	64,38 	64,38 	64,38 	64,38 
02.03.06	64,48 	64,48 	64,48 	64,48 
01.03.06	62,38 	62,38 	62,38 	62,38 
28.02.06	59,94 	59,94 	59,94 	59,94 
27.02.06	62,09 	62,09 	62,09 	62,09 
24.02.06	60,52 	60,52 	60,52 	60,52 
23.02.06	62,11 	62,11 	62,11 	62,11 
22.02.06	59,87 	59,87 	59,87 	59,87 
21.02.06	60,49 	60,49 	60,49 	60,49 
20.02.06	60,11 	60,11 	60,11 	60,11 
17.02.06	59,07 	59,07 	59,07 	59,07 
16.02.06	57,45 	57,45 	57,45 	57,45 
15.02.06	58,55 	58,55 	58,55 	58,55 
14.02.06	60,07 	60,07 	60,07 	60,07 
13.02.06	59,64 	59,64 	59,64 	59,64 
10.02.06	60,51 	60,51 	60,51 	60,51 
09.02.06	61,43 	61,43 	61,43 	61,43 
08.02.06	61,47 	61,47 	61,47 	61,47 
07.02.06	64,41 	64,41 	64,41 	64,41 
06.02.06	64,19 	64,19 	64,19 	64,19 
03.02.06	63,10 	63,10 	63,10 	63,10 
02.02.06	64,66 	64,66 	64,66 	64,66 
01.02.06	67,39 	67,39 	67,39 	67,39 
31.01.06	65,86 	65,86 	65,86 	65,86 
30.01.06	65,42 	65,42 	65,42 	65,42 
27.01.06	65,56 	65,56 	65,56 	65,56 
25.01.06	64,54 	64,54 	64,54 	64,54 
24.01.06	65,25 	65,25 	65,25 	65,25 
23.01.06	65,51 	65,51 	65,51 	65,51 
20.01.06	64,19 	64,19 	65,49 	65,49 
17.01.06	64,54 	64,54 	64,54 	64,54 
16.01.06	62,78 	62,78 	62,78 	62,78 
13.01.06	62,39 	62,39 	62,39 	62,39 
12.01.06	63,11 	63,11 	63,11 	63,11 
11.01.06	61,88 	61,88 	61,88 	61,88 
10.01.06	62,57 	62,57 	62,57 	62,57 
09.01.06	63,25 	63,25 	63,25 	63,25 
06.01.06	62,22 	62,22 	62,22 	62,22 
05.01.06	61,79 	61,79 	61,79 	61,79 
04.01.06	60,55 	60,55 	60,55 	60,55 
03.01.06	59,67 	59,67 	59,67 	59,67 
30.12.05	58,16 	58,16 	58,16 	58,16 
29.12.05	57,58 	57,58 	57,58 	57,58 
28.12.05	56,83 	56,83 	56,83 	56,83 
27.12.05	56,16 	56,16 	56,16 	56,16 
22.12.05	57,36 	57,36 	57,36 	57,36 
21.12.05	56,99 	56,99 	56,99 	56,99 
20.12.05	56,49 	56,49 	56,49 	56,49 
19.12.05	57,33 	57,33 	57,33 	57,33 
16.12.05	58,60 	58,60 	58,78 	58,78 
14.12.05	60,70 	60,70 	60,70 	60,70 
13.12.05	59,82 	59,82 	59,82 	59,82 
12.12.05	58,33 	58,33 	58,33 	58,33 
09.12.05	59,12 	59,12 	59,12 	59,12 
08.12.05	57,58 	57,58 	57,58 	57,58 
07.12.05	58,25 	58,25 	58,25 	58,25 
06.12.05	57,66 	57,66 	57,66 	57,66 
05.12.05	57,90 	57,90 	57,90 	57,90 
02.12.05	56,84 	56,84 	56,84 	56,84 
01.12.05	54,88 	54,88 	54,88 	54,88 
30.11.05	53,28 	53,28 	53,28 	53,28 
29.11.05	53,62 	53,62 	53,62 	53,62 
28.11.05	54,42 	54,42 	54,42 	54,42 
25.11.05	56,05 	56,05 	56,05 	56,05 
24.11.05	56,57 	56,57 	56,57 	56,57 
23.11.05	57,26 	57,26 	57,26 	57,26 
22.11.05	54,88 	54,88 	54,88 	54,88 
21.11.05	54,41 	54,41 	54,41 	54,41 
18.11.05	53,86 	53,86 	53,86 	53,86 
17.11.05	55,08 	55,08 	55,08 	55,08 
16.11.05	53,64 	53,64 	53,64 	53,64 
15.11.05	54,46 	54,46 	54,46 	54,46 
14.11.05	55,51 	55,51 	55,51 	55,51 
11.11.05	55,14 	55,14 	55,14 	55,14 
10.11.05	56,58 	56,58 	56,58 	56,58 
09.11.05	58,01 	58,01 	58,01 	58,01 
08.11.05	57,99 	57,99 	57,99 	57,99 
07.11.05	58,55 	58,55 	58,55 	58,55 
04.11.05	59,94 	59,94 	59,94 	59,94 
03.11.05	57,93 	57,93 	57,93 	57,93 
02.11.05	58,14 	58,14 	58,14 	58,14 
01.11.05	58,86 	58,86 	58,86 	58,86 
31.10.05	58,81 	58,81 	58,81 	58,81 
28.10.05	59,11 	59,11 	59,11 	59,11 
27.10.05	59,17 	59,17 	59,17 	59,17 
26.10.05	59,77 	59,77 	59,77 	59,77 
25.10.05	59,35 	59,35 	59,35 	59,35 
24.10.05	57,28 	57,28 	57,28 	57,28 
21.10.05	57,275 	57,275 	57,275 	57,275 
20.10.05	57,96 	57,96 	57,96 	57,96 
19.10.05	59,16 	59,16 	59,16 	59,16 
18.10.05	59,73 	59,73 	59,73 	59,73 
17.10.05	61,02 	61,02 	61,02 	61,02 
14.10.05	59,57 	59,57 	59,57 	59,57 
13.10.05	60,59 	60,59 	60,59 	60,59 
12.10.05	60,17 	60,17 	60,17 	60,17 
11.10.05	59,35 	59,35 	59,35 	59,35 
10.10.05	58,86 	58,86 	58,86 	58,86 
07.10.05	61,86 	61,86 	61,86 	61,86 
06.10.05	58,61 	58,61 	58,61 	58,61 
05.10.05	63,35 	63,35 	63,35 	63,35 
04.10.05	61,86 	61,86 	61,86 	61,86 
03.10.05	63,44 	63,44 	63,44 	63,44 
30.09.05	62,08 	62,08 	62,08 	62,08 
29.09.05	61,17 	61,17 	61,17 	61,17 
28.09.05	62,11 	62,11 	62,11 	62,11 
27.09.05	62,46 	62,46 	62,46 	62,46 
26.09.05	61,17 	61,17 	61,17 	61,17 
23.09.05	63,06 	63,06 	63,06 	63,06 
22.09.05	64,56 	64,56 	64,56 	64,56 
21.09.05	64,90 	64,90 	64,90 	64,90 
20.09.05	63,31 	63,31 	63,31 	63,31 
16.09.05	63,04 	63,04 	63,04 	63,04 
15.09.05	62,28 	62,28 	62,28 	62,28 
14.09.05	62,13 	62,13 	62,13 	62,13 
13.09.05	62,26 	62,26 	62,26 	62,26 
12.09.05	62,28 	62,28 	62,28 	62,28 
09.09.05	63,90 	63,90 	63,90 	63,90 
08.09.05	63,61 	63,61 	63,61 	63,61 
07.09.05	64,43 	64,43 	64,43 	64,43 
06.09.05	65,80 	65,80 	65,80 	65,80 
05.09.05	64,83 	64,83 	64,83 	64,83 
