09.09.13	3,157 	3,105 	3,16 	3,106 
06.09.13	3,134 	3,131 	3,174 	3,159 
05.09.13	3,136 	3,123 	3,151 	3,138 
04.09.13	3,141 	3,121 	3,148 	3,133 
03.09.13	3,141 	3,133 	3,163 	3,142 
02.09.13	3,114 	3,111 	3,152 	3,133 
30.08.13	3,185 	3,127 	3,188 	3,139 
29.08.13	3,181 	3,176 	3,223 	3,18 
28.08.13	3,194 	3,175 	3,213 	3,195 
27.08.13	3,088 	3,082 	3,167 	3,166 
26.08.13	3,104 	3,077 	3,104 	3,089 
23.08.13	3,076 	3,069 	3,115 	3,099 
22.08.13	3,077 	3,065 	3,094 	3,076 
21.08.13	3,076 	3,067 	3,09 	3,083 
20.08.13	3,059 	3,052 	3,103 	3,086 
19.08.13	3,091 	3,075 	3,109 	3,075 
16.08.13	3,081 	3,071 	3,096 	3,095 
15.08.13	3,062 	3,058 	3,087 	3,079 
14.08.13	3,037 	3,028 	3,052 	3,049 
13.08.13	3,03 	3,029 	3,06 	3,044 
12.08.13	2,996 	2,982 	3,028 	3,028 
09.08.13	2,959 	2,949 	3,00 	2,991 
08.08.13	2,966 	2,92 	2,97 	2,957 
07.08.13	2,998 	2,961 	3,006 	2,966 
06.08.13	3,042 	2,996 	3,063 	3,011 
05.08.13	3,08 	3,023 	3,085 	3,05 
02.08.13	3,103 	3,06 	3,104 	3,073 
01.08.13	3,057 	3,052 	3,104 	3,094 
31.07.13	3,004 	2,981 	3,059 	3,049 
30.07.13	3,016 	3,002 	3,017 	3,011 
29.07.13	3,015 	3,004 	3,037 	3,02 
26.07.13	3,031 	3,00 	3,032 	3,014 
25.07.13	3,023 	3,007 	3,049 	3,039 
24.07.13	3,072 	3,029 	3,078 	3,044 
23.07.13	3,075 	3,049 	3,078 	3,078 
22.07.13	3,099 	3,064 	3,111 	3,064 
19.07.13	3,115 	3,066 	3,117 	3,096 
18.07.13	3,077 	3,067 	3,109 	3,109 
17.07.13	3,035 	3,031 	3,076 	3,074 
16.07.13	3,024 	3,024 	3,059 	3,049 
15.07.13	3,032 	3,016 	3,04 	3,036 
12.07.13	2,996 	2,99 	3,041 	3,038 
11.07.13	3,011 	2,986 	3,017 	3,00 
10.07.13	2,985 	2,981 	3,009 	2,996 
09.07.13	2,982 	2,966 	2,988 	2,984 
08.07.13	2,987 	2,972 	2,992 	2,974 
05.07.13	2,95 	2,948 	2,999 	2,987 
04.07.13	2,943 	2,932 	2,951 	2,95 
03.07.13	2,926 	2,917 	2,967 	2,948 
02.07.13	2,88 	2,872 	2,905 	2,902 
01.07.13	2,868 	2,862 	2,901 	2,877 
28.06.13	2,894 	2,856 	2,905 	2,861 
27.06.13	2,87 	2,861 	2,907 	2,882 
26.06.13	2,847 	2,825 	2,867 	2,855 
25.06.13	2,851 	2,851 	2,879 	2,854 
24.06.13	2,833 	2,822 	2,867 	2,849 
21.06.13	2,888 	2,824 	2,897 	2,844 
20.06.13	2,929 	2,866 	2,942 	2,87 
19.06.13	2,966 	2,963 	2,984 	2,974 
18.06.13	2,952 	2,944 	2,974 	2,962 
17.06.13	2,97 	2,953 	2,976 	2,957 
14.06.13	2,93 	2,929 	2,984 	2,965 
13.06.13	2,883 	2,87 	2,946 	2,94 
12.06.13	2,85 	2,85 	2,904 	2,894 
11.06.13	2,88 	2,84 	2,884 	2,855 
10.06.13	2,898 	2,879 	2,899 	2,882 
07.06.13	2,881 	2,854 	2,915 	2,898 
06.06.13	2,855 	2,849 	2,874 	2,866 
05.06.13	2,87 	2,851 	2,891 	2,854 
04.06.13	2,838 	2,821 	2,874 	2,874 
03.06.13	2,781 	2,764 	2,845 	2,84 
31.05.13	2,841 	2,781 	2,841 	2,782 
30.05.13	2,861 	2,824 	2,865 	2,842 
29.05.13	2,903 	2,86 	2,905 	2,869 
28.05.13	2,865 	2,862 	2,917 	2,906 
27.05.13	2,848 	2,841 	2,855 	2,855 
24.05.13	2,851 	2,833 	2,858 	2,853 
23.05.13	2,846 	2,82 	2,859 	2,858 
22.05.13	2,907 	2,865 	2,909 	2,867 
21.05.13	2,941 	2,914 	2,944 	2,915 
20.05.13	2,932 	2,913 	2,95 	2,939 
17.05.13	2,899 	2,893 	2,94 	2,931 
16.05.13	2,862 	2,854 	2,911 	2,899 
15.05.13	2,864 	2,822 	2,881 	2,878 
14.05.13	2,893 	2,866 	2,898 	2,875 
13.05.13	2,891 	2,88 	2,913 	2,883 
10.05.13	2,925 	2,854 	2,926 	2,90 
09.05.13	2,915 	2,903 	2,937 	2,92 
08.05.13	2,927 	2,899 	2,932 	2,915 
07.05.13	2,911 	2,908 	2,946 	2,922 
06.05.13	2,90 	2,874 	2,922 	2,914 
03.05.13	2,848 	2,844 	2,904 	2,877 
02.05.13	2,786 	2,783 	2,858 	2,856 
30.04.13	2,857 	2,823 	2,863 	2,824 
29.04.13	2,853 	2,846 	2,876 	2,864 
26.04.13	2,872 	2,855 	2,884 	2,866 
25.04.13	2,846 	2,831 	2,88 	2,872 
24.04.13	2,80 	2,799 	2,836 	2,836 
23.04.13	2,784 	2,761 	2,803 	2,799 
22.04.13	2,782 	2,77 	2,816 	2,801 
19.04.13	2,781 	2,766 	2,797 	2,778 
18.04.13	2,739 	2,733 	2,778 	2,778 
17.04.13	2,804 	2,726 	2,804 	2,735 
16.04.13	2,805 	2,773 	2,812 	2,803 
15.04.13	2,844 	2,803 	2,863 	2,809 
12.04.13	2,908 	2,835 	2,908 	2,874 
11.04.13	2,937 	2,891 	2,948 	2,909 
10.04.13	2,96 	2,938 	2,976 	2,945 
09.04.13	2,959 	2,932 	2,968 	2,964 
08.04.13	2,92 	2,92 	2,962 	2,955 
05.04.13	2,966 	2,906 	2,97 	2,921 
04.04.13	3,00 	2,938 	3,012 	2,971 
03.04.13	3,082 	2,993 	3,085 	2,998 
02.04.13	3,075 	3,075 	3,098 	3,084 
28.03.13	3,036 	3,019 	3,056 	3,047 
27.03.13	3,00 	2,993 	3,04 	3,039 
26.03.13	2,981 	2,973 	3,009 	3,008 
25.03.13	2,98 	2,965 	3,021 	2,976 
22.03.13	2,979 	2,962 	2,983 	2,97 
21.03.13	2,991 	2,964 	3,00 	2,971 
20.03.13	2,975 	2,966 	3,001 	2,992 
19.03.13	3,025 	2,959 	3,026 	2,963 
18.03.13	3,002 	2,984 	3,035 	3,032 
15.03.13	3,021 	3,016 	3,053 	3,035 
14.03.13	3,011 	2,996 	3,021 	3,02 
13.03.13	2,959 	2,906 	2,967 	2,923 
12.03.13	2,959 	2,937 	3,005 	2,953 
11.03.13	2,97 	2,956 	2,982 	2,961 
08.03.13	2,977 	2,952 	2,98 	2,97 
07.03.13	2,968 	2,96 	2,984 	2,973 
06.03.13	2,985 	2,956 	2,996 	2,971 
05.03.13	2,926 	2,926 	2,98 	2,98 
04.03.13	2,928 	2,904 	2,942 	2,917 
01.03.13	2,955 	2,919 	2,959 	2,936 
28.02.13	2,983 	2,947 	2,997 	2,957 
27.02.13	3,035 	2,982 	3,048 	2,991 
26.02.13	3,073 	3,018 	3,077 	3,03 
25.02.13	3,104 	3,089 	3,148 	3,094 
22.02.13	3,102 	3,092 	3,118 	3,105 
21.02.13	3,137 	3,088 	3,14 	3,104 
20.02.13	3,189 	3,137 	3,196 	3,149 
19.02.13	3,194 	3,163 	3,20 	3,185 
18.02.13	3,203 	3,186 	3,208 	3,20 
15.02.13	3,211 	3,168 	3,212 	3,21 
14.02.13	3,202 	3,198 	3,218 	3,217 
13.02.13	3,219 	3,204 	3,223 	3,207 
12.02.13	3,228 	3,22 	3,248 	3,235 
11.02.13	3,244 	3,215 	3,245 	3,236 
08.02.13	3,221 	3,216 	3,257 	3,242 
07.02.13	3,186 	3,184 	3,211 	3,206 
06.02.13	3,193 	3,163 	3,196 	3,187 
05.02.13	3,15 	3,148 	3,201 	3,193 
04.02.13	3,158 	3,144 	3,168 	3,158 
01.02.13	3,122 	3,11 	3,169 	3,163 
31.01.13	3,116 	3,089 	3,124 	3,12 
30.01.13	3,106 	3,091 	3,123 	3,115 
29.01.13	3,058 	3,047 	3,099 	3,096 
28.01.13	3,05 	3,039 	3,076 	3,053 
25.01.13	3,08 	3,05 	3,081 	3,056 
24.01.13	3,069 	3,056 	3,084 	3,077 
23.01.13	3,051 	3,045 	3,074 	3,071 
22.01.13	3,062 	3,043 	3,075 	3,057 
21.01.13	3,034 	3,03 	3,061 	3,059 
18.01.13	3,02 	3,004 	3,044 	3,041 
17.01.13	2,998 	2,991 	3,027 	3,016 
16.01.13	3,017 	2,98 	3,028 	3,001 
15.01.13	3,062 	3,011 	3,077 	3,021 
14.01.13	3,023 	3,015 	3,067 	3,065 
11.01.13	3,049 	2,996 	3,055 	3,011 
10.01.13	3,083 	3,05 	3,112 	3,05 
09.01.13	3,057 	3,048 	3,074 	3,07 
08.01.13	3,033 	3,033 	3,074 	3,064 
07.01.13	3,018 	3,009 	3,045 	3,04 
04.01.13	3,007 	2,983 	3,023 	3,017 
03.01.13	3,039 	3,006 	3,04 	3,025 
02.01.13	3,051 	3,036 	3,07 	3,041 
31.12.12	3,015 	2,991 	3,038 	3,03 
28.12.12	3,054 	3,016 	3,056 	3,029 
27.12.12	3,04 	3,029 	3,057 	3,052 
24.12.12	3,011 	2,985 	3,013 	2,996 
21.12.12	3,04 	3,008 	3,041 	3,018 
20.12.12	3,026 	3,02 	3,061 	3,045 
19.12.12	2,994 	2,994 	3,035 	3,029 
18.12.12	2,973 	2,968 	3,002 	2,994 
17.12.12	2,986 	2,953 	2,986 	2,961 
14.12.12	2,968 	2,958 	2,987 	2,979 
13.12.12	2,968 	2,942 	2,978 	2,954 
12.12.12	2,934 	2,934 	3,00 	2,98 
11.12.12	2,912 	2,905 	2,935 	2,929 
10.12.12	2,929 	2,894 	2,943 	2,90 
07.12.12	2,94 	2,914 	2,956 	2,925 
06.12.12	2,996 	2,935 	3,006 	2,94 
05.12.12	3,02 	2,98 	3,028 	2,99 
04.12.12	3,051 	2,999 	3,053 	3,006 
03.12.12	3,064 	3,048 	3,095 	3,051 
30.11.12	3,057 	3,046 	3,072 	3,057 
29.11.12	3,023 	3,018 	3,074 	3,057 
28.11.12	3,032 	2,989 	3,032 	3,027 
27.11.12	3,068 	3,018 	3,071 	3,032 
26.11.12	3,088 	3,052 	3,088 	3,058 
23.11.12	3,063 	3,052 	3,101 	3,089 
22.11.12	3,075 	3,062 	3,081 	3,068 
21.11.12	3,051 	3,051 	3,094 	3,082 
20.11.12	3,084 	3,029 	3,096 	3,058 
19.11.12	3,015 	3,007 	3,095 	3,092 
16.11.12	2,981 	2,962 	3,003 	2,998 
15.11.12	3,006 	2,961 	3,024 	2,976 
14.11.12	2,962 	2,951 	3,005 	2,994 
13.11.12	2,992 	2,945 	2,993 	2,959 
12.11.12	3,00 	2,989 	3,027 	3,001 
09.11.12	2,959 	2,943 	3,015 	3,009 
08.11.12	2,976 	2,949 	2,997 	2,953 
07.11.12	3,059 	2,951 	3,064 	2,968 
06.11.12	2,984 	2,968 	3,06 	3,056 
05.11.12	2,954 	2,935 	2,99 	2,985 
02.11.12	3,024 	2,947 	3,04 	2,959 
01.11.12	3,061 	3,023 	3,062 	3,03 
31.10.12	3,075 	3,046 	3,082 	3,059 
30.10.12	3,086 	3,05 	3,092 	3,061 
29.10.12	3,09 	3,075 	3,121 	3,08 
26.10.12	3,037 	3,03 	3,091 	3,075 
25.10.12	3,04 	3,03 	3,058 	3,046 
24.10.12	3,048 	3,004 	3,056 	3,026 
23.10.12	3,069 	3,013 	3,072 	3,027 
22.10.12	3,122 	3,065 	3,133 	3,069 
19.10.12	3,177 	3,115 	3,203 	3,118 
18.10.12	3,187 	3,142 	3,188 	3,174 
17.10.12	3,18 	3,162 	3,184 	3,178 
16.10.12	3,212 	3,187 	3,216 	3,193 
15.10.12	3,207 	3,18 	3,23 	3,205 
12.10.12	3,253 	3,209 	3,258 	3,221 
11.10.12	3,226 	3,225 	3,266 	3,259 
10.10.12	3,195 	3,192 	3,239 	3,209 
09.10.12	3,159 	3,15 	3,215 	3,203 
08.10.12	3,133 	3,121 	3,169 	3,155 
05.10.12	3,177 	3,132 	3,186 	3,154 
04.10.12	3,085 	3,081 	3,188 	3,174 
03.10.12	3,118 	3,06 	3,122 	3,064 
02.10.12	3,141 	3,125 	3,15 	3,128 
01.10.12	3,138 	3,13 	3,175 	3,135 
28.09.12	3,162 	3,14 	3,174 	3,142 
27.09.12	3,104 	3,097 	3,162 	3,158 
26.09.12	3,093 	3,063 	3,104 	3,095 
25.09.12	3,09 	3,088 	3,128 	3,102 
24.09.12	3,101 	3,075 	3,103 	3,092 
21.09.12	3,10 	3,094 	3,128 	3,123 
20.09.12	3,039 	3,023 	3,107 	3,105 
19.09.12	3,143 	3,026 	3,152 	3,04 
18.09.12	3,15 	3,12 	3,174 	3,129 
17.09.12	3,243 	3,12 	3,243 	3,149 
14.09.12	3,236 	3,231 	3,262 	3,241 
13.09.12	3,211 	3,183 	3,246 	3,214 
12.09.12	3,197 	3,188 	3,218 	3,208 
11.09.12	3,162 	3,155 	3,189 	3,187 
07.09.12	3,147 	3,113 	3,167 	3,142 
06.09.12	3,135 	3,124 	3,171 	3,135 
05.09.12	3,149 	3,111 	3,154 	3,123 
04.09.12	3,201 	3,147 	3,215 	3,153 
03.09.12	3,171 	3,165 	3,205 	3,201 
31.08.12	3,135 	3,135 	3,187 	3,186 
30.08.12	3,131 	3,124 	3,147 	3,14 
29.08.12	3,124 	3,101 	3,135 	3,127 
28.08.12	3,123 	3,113 	3,144 	3,134 
27.08.12	3,177 	3,106 	3,18 	3,126 
24.08.12	3,131 	3,11 	3,156 	3,12 
23.08.12	3,156 	3,129 	3,168 	3,137 
22.08.12	3,132 	3,112 	3,145 	3,144 
21.08.12	3,107 	3,105 	3,148 	3,128 
20.08.12	3,111 	3,086 	3,124 	3,099 
17.08.12	3,108 	3,083 	3,121 	3,101 
16.08.12	3,082 	3,075 	3,127 	3,11 
15.08.12	3,033 	3,022 	3,093 	3,084 
14.08.12	3,028 	3,02 	3,044 	3,037 
13.08.12	3,024 	3,015 	3,055 	3,018 
10.08.12	3,044 	3,007 	3,044 	3,025 
09.08.12	3,02 	3,004 	3,052 	3,051 
08.08.12	2,987 	2,973 	3,027 	3,012 
07.08.12	2,934 	2,933 	3,007 	2,993 
06.08.12	2,925 	2,909 	2,946 	2,941 
03.08.12	2,855 	2,851 	2,932 	2,92 
02.08.12	2,857 	2,83 	2,879 	2,843 
01.08.12	2,842 	2,841 	2,885 	2,854 
31.07.12	2,871 	2,826 	2,881 	2,828 
30.07.12	2,883 	2,872 	2,895 	2,878 
27.07.12	2,883 	2,866 	2,894 	2,89 
26.07.12	2,838 	2,826 	2,892 	2,872 
25.07.12	2,813 	2,792 	2,854 	2,843 
24.07.12	2,829 	2,80 	2,84 	2,824 
23.07.12	2,878 	2,818 	2,886 	2,833 
20.07.12	2,935 	2,903 	2,938 	2,92 
19.07.12	2,896 	2,894 	2,95 	2,943 
18.07.12	2,833 	2,832 	2,881 	2,88 
17.07.12	2,824 	2,819 	2,856 	2,839 
16.07.12	2,787 	2,777 	2,834 	2,829 
13.07.12	2,774 	2,772 	2,807 	2,795 
12.07.12	2,747 	2,709 	2,779 	2,77 
11.07.12	2,735 	2,73 	2,771 	2,769 
10.07.12	2,714 	2,714 	2,747 	2,723 
09.07.12	2,725 	2,706 	2,766 	2,739 
06.07.12	2,753 	2,704 	2,755 	2,709 
05.07.12	2,732 	2,732 	2,789 	2,763 
04.07.12	2,747 	2,726 	2,747 	2,741 
03.07.12	2,695 	2,68 	2,76 	2,756 
02.07.12	2,673 	2,649 	2,687 	2,673 
29.06.12	2,583 	2,58 	2,711 	2,698 
28.06.12	2,587 	2,534 	2,599 	2,557 
27.06.12	2,569 	2,551 	2,599 	2,593 
26.06.12	2,534 	2,528 	2,577 	2,576 
25.06.12	2,531 	2,508 	2,543 	2,542 
22.06.12	2,54 	2,514 	2,55 	2,547 
21.06.12	2,578 	2,516 	2,59 	2,529 
20.06.12	2,635 	2,582 	2,645 	2,587 
19.06.12	2,617 	2,596 	2,65 	2,64 
18.06.12	2,671 	2,604 	2,675 	2,622 
15.06.12	2,649 	2,633 	2,659 	2,649 
14.06.12	2,62 	2,601 	2,642 	2,641 
13.06.12	2,622 	2,607 	2,648 	2,608 
12.06.12	2,621 	2,614 	2,653 	2,627 
11.06.12	2,718 	2,616 	2,719 	2,618 
08.06.12	2,638 	2,617 	2,684 	2,683 
07.06.12	2,671 	2,649 	2,713 	2,659 
06.06.12	2,631 	2,63 	2,692 	2,676 
05.06.12	2,644 	2,607 	2,644 	2,632 
04.06.12	2,597 	2,566 	2,635 	2,634 
01.06.12	2,709 	2,611 	2,712 	2,632 
31.05.12	2,748 	2,70 	2,755 	2,712 
30.05.12	2,808 	2,736 	2,81 	2,74 
29.05.12	2,84 	2,809 	2,856 	2,815 
28.05.12	2,844 	2,829 	2,854 	2,833 
25.05.12	2,825 	2,825 	2,838 	2,831 
24.05.12	2,828 	2,805 	2,841 	2,83 
23.05.12	2,85 	2,809 	2,851 	2,836 
22.05.12	2,875 	2,855 	2,884 	2,855 
21.05.12	2,856 	2,845 	2,874 	2,873 
18.05.12	2,838 	2,831 	2,864 	2,834 
17.05.12	2,902 	2,847 	2,91 	2,854 
16.05.12	2,915 	2,893 	2,944 	2,894 
15.05.12	2,919 	2,916 	2,943 	2,923 
14.05.12	2,954 	2,915 	2,955 	2,915 
11.05.12	2,961 	2,952 	2,983 	2,961 
10.05.12	2,994 	2,974 	3,005 	2,975 
09.05.12	2,981 	2,959 	3,00 	2,993 
08.05.12	2,988 	2,939 	2,994 	2,992 
07.05.12	2,99 	2,968 	3,006 	2,984 
04.05.12	3,089 	2,983 	3,089 	3,01 
03.05.12	3,145 	3,083 	3,147 	3,088 
02.05.12	3,178 	3,134 	3,185 	3,142 
30.04.12	3,185 	3,167 	3,191 	3,184 
27.04.12	3,185 	3,171 	3,193 	3,18 
26.04.12	3,169 	3,159 	3,21 	3,202 
25.04.12	3,14 	3,125 	3,167 	3,166 
24.04.12	3,138 	3,124 	3,146 	3,134 
23.04.12	3,138 	3,11 	3,147 	3,144 
20.04.12	3,134 	3,126 	3,16 	3,146 
19.04.12	3,127 	3,116 	3,147 	3,127 
18.04.12	3,131 	3,094 	3,132 	3,126 
17.04.12	3,123 	3,11 	3,14 	3,133 
16.04.12	3,149 	3,119 	3,158 	3,124 
13.04.12	3,157 	3,153 	3,187 	3,178 
12.04.12	3,117 	3,104 	3,17 	3,168 
11.04.12	3,097 	3,082 	3,132 	3,112 
10.04.12	3,141 	3,09 	3,144 	3,095 
05.04.12	3,186 	3,143 	3,19 	3,178 
04.04.12	3,228 	3,161 	3,23 	3,172 
03.04.12	3,245 	3,22 	3,258 	3,235 
02.04.12	3,181 	3,15 	3,257 	3,255 
30.03.12	3,18 	3,164 	3,21 	3,176 
29.03.12	3,221 	3,157 	3,242 	3,175 
28.03.12	3,223 	3,205 	3,225 	3,223 
27.03.12	3,245 	3,22 	3,252 	3,232 
26.03.12	3,223 	3,215 	3,246 	3,244 
23.03.12	3,211 	3,201 	3,275 	3,222 
22.03.12	3,227 	3,174 	3,23 	3,202 
21.03.12	3,25 	3,225 	3,257 	3,229 
20.03.12	3,257 	3,22 	3,261 	3,258 
19.03.12	3,281 	3,266 	3,293 	3,267 
16.03.12	3,235 	3,227 	3,296 	3,296 
15.03.12	3,267 	3,21 	3,275 	3,233 
14.03.12	3,276 	3,264 	3,309 	3,27 
13.03.12	3,263 	3,24 	3,282 	3,277 
12.03.12	3,262 	3,222 	3,262 	3,253 
09.03.12	3,265 	3,25 	3,275 	3,271 
08.03.12	3,222 	3,222 	3,277 	3,271 
07.03.12	3,195 	3,178 	3,226 	3,225 
06.03.12	3,216 	3,179 	3,223 	3,193 
05.03.12	3,206 	3,186 	3,233 	3,226 
02.03.12	3,255 	3,189 	3,257 	3,21 
01.03.12	3,208 	3,189 	3,315 	3,286 
29.02.12	3,243 	3,165 	3,256 	3,211 
28.02.12	3,275 	3,219 	3,279 	3,227 
27.02.12	3,288 	3,26 	3,295 	3,265 
24.02.12	3,287 	3,271 	3,314 	3,306 
23.02.12	3,265 	3,255 	3,305 	3,288 
22.02.12	3,23 	3,214 	3,273 	3,269 
21.02.12	3,195 	3,18 	3,242 	3,225 
20.02.12	3,199 	3,189 	3,208 	3,206 
17.02.12	3,197 	3,166 	3,199 	3,182 
16.02.12	3,176 	3,16 	3,20 	3,20 
15.02.12	3,166 	3,157 	3,193 	3,171 
14.02.12	3,14 	3,128 	3,163 	3,154 
13.02.12	3,183 	3,137 	3,183 	3,142 
10.02.12	3,205 	3,176 	3,205 	3,187 
09.02.12	3,197 	3,18 	3,217 	3,215 
08.02.12	3,191 	3,167 	3,202 	3,196 
07.02.12	3,183 	3,174 	3,218 	3,188 
06.02.12	3,112 	3,101 	3,186 	3,185 
03.02.12	3,052 	3,049 	3,117 	3,11 
02.02.12	3,061 	3,03 	3,069 	3,059 
01.02.12	3,053 	3,036 	3,088 	3,05 
31.01.12	3,06 	3,039 	3,088 	3,057 
30.01.12	3,059 	3,03 	3,078 	3,044 
27.01.12	3,04 	3,035 	3,079 	3,071 
26.01.12	3,034 	3,024 	3,058 	3,047 
25.01.12	3,025 	2,992 	3,039 	3,027 
24.01.12	3,013 	3,005 	3,029 	3,022 
23.01.12	2,991 	2,988 	3,03 	3,016 
20.01.12	3,04 	2,984 	3,04 	2,996 
19.01.12	3,027 	3,009 	3,043 	3,034 
18.01.12	3,044 	2,993 	3,061 	3,016 
17.01.12	3,078 	3,019 	3,093 	3,037 
16.01.12	3,056 	3,044 	3,067 	3,067 
13.01.12	3,075 	3,024 	3,079 	3,047 
12.01.12	3,084 	3,041 	3,136 	3,052 
11.01.12	3,113 	3,069 	3,121 	3,071 
10.01.12	3,083 	3,08 	3,118 	3,107 
09.01.12	3,086 	3,053 	3,092 	3,073 
06.01.12	3,058 	3,047 	3,084 	3,083 
05.01.12	3,091 	3,036 	3,103 	3,05 
04.01.12	3,04 	3,025 	3,099 	3,097 
03.01.12	2,953 	2,953 	3,037 	3,027 
30.12.11	2,927 	2,895 	2,952 	2,919 
29.12.11	2,91 	2,896 	2,933 	2,93 
28.12.11	2,921 	2,891 	2,932 	2,90 
27.12.11	2,903 	2,899 	2,942 	2,908 
23.12.11	2,92 	2,895 	2,927 	2,908 
22.12.11	2,916 	2,904 	2,934 	2,906 
21.12.11	2,877 	2,862 	2,925 	2,919 
20.12.11	2,806 	2,805 	2,878 	2,87 
19.12.11	2,798 	2,789 	2,844 	2,79 
16.12.11	2,843 	2,807 	2,859 	2,827 
15.12.11	2,858 	2,823 	2,886 	2,823 
14.12.11	2,929 	2,821 	2,929 	2,832 
13.12.11	2,894 	2,894 	2,981 	2,924 
12.12.11	2,905 	2,884 	2,915 	2,896 
09.12.11	2,911 	2,898 	2,953 	2,916 
08.12.11	2,999 	2,919 	3,02 	2,919 
07.12.11	3,038 	2,98 	3,04 	2,987 
06.12.11	2,984 	2,982 	3,023 	3,021 
05.12.11	3,012 	2,984 	3,073 	2,994 
02.12.11	3,005 	2,969 	3,027 	2,991 
01.12.11	3,038 	2,963 	3,04 	2,975 
30.11.11	3,015 	3,011 	3,067 	3,029 
29.11.11	2,994 	2,979 	3,046 	3,031 
28.11.11	2,971 	2,967 	3,009 	2,972 
25.11.11	2,987 	2,93 	2,988 	2,94 
24.11.11	2,99 	2,973 	3,002 	2,985 
23.11.11	3,027 	2,969 	3,038 	2,977 
22.11.11	3,00 	2,992 	3,046 	3,043 
21.11.11	3,054 	2,98 	3,059 	3,003 
18.11.11	3,095 	3,04 	3,129 	3,045 
17.11.11	3,135 	3,086 	3,153 	3,093 
16.11.11	3,162 	3,119 	3,181 	3,12 
15.11.11	3,178 	3,157 	3,189 	3,177 
14.11.11	3,195 	3,158 	3,196 	3,166 
11.11.11	3,154 	3,144 	3,20 	3,183 
10.11.11	3,09 	3,084 	3,174 	3,148 
09.11.11	3,131 	3,077 	3,151 	3,10 
08.11.11	3,129 	3,106 	3,157 	3,124 
07.11.11	3,085 	3,062 	3,134 	3,128 
04.11.11	3,044 	3,04 	3,081 	3,079 
03.11.11	2,981 	2,978 	3,048 	3,042 
02.11.11	3,033 	2,996 	3,061 	3,004 
01.11.11	3,03 	2,973 	3,039 	3,025 
31.10.11	3,05 	3,029 	3,062 	3,045 
28.10.11	3,099 	3,054 	3,106 	3,068 
27.10.11	3,058 	3,043 	3,116 	3,099 
26.10.11	3,053 	3,019 	3,07 	3,026 
25.10.11	3,054 	3,023 	3,07 	3,049 
24.10.11	3,049 	3,019 	3,058 	3,048 
21.10.11	3,026 	3,017 	3,075 	3,035 
20.10.11	2,978 	2,968 	3,03 	3,028 
19.10.11	3,029 	2,979 	3,056 	2,988 
18.10.11	2,989 	2,972 	3,038 	3,033 
17.10.11	3,055 	3,036 	3,087 	3,038 
14.10.11	2,97 	2,97 	3,057 	3,05 
13.10.11	2,934 	2,917 	2,98 	2,972 
12.10.11	2,904 	2,903 	2,955 	2,926 
11.10.11	2,891 	2,857 	2,915 	2,904 
10.10.11	2,854 	2,847 	2,922 	2,904 
07.10.11	2,856 	2,826 	2,879 	2,859 
06.10.11	2,781 	2,754 	2,864 	2,86 
05.10.11	2,758 	2,738 	2,778 	2,775 
04.10.11	2,753 	2,699 	2,756 	2,739 
03.10.11	2,763 	2,742 	2,784 	2,75 
30.09.11	2,833 	2,774 	2,842 	2,777 
29.09.11	2,84 	2,821 	2,878 	2,841 
28.09.11	2,872 	2,821 	2,896 	2,821 
27.09.11	2,843 	2,826 	2,893 	2,875 
26.09.11	2,77 	2,762 	2,844 	2,822 
23.09.11	2,869 	2,804 	2,885 	2,82 
22.09.11	2,91 	2,832 	2,91 	2,851 
21.09.11	2,971 	2,931 	3,009 	2,934 
20.09.11	2,955 	2,946 	2,997 	2,964 
19.09.11	2,991 	2,94 	3,014 	2,957 
16.09.11	3,035 	3,005 	3,058 	3,009 
15.09.11	2,948 	2,941 	3,051 	3,025 
14.09.11	2,92 	2,905 	2,948 	2,944 
13.09.11	2,955 	2,924 	2,96 	2,939 
12.09.11	2,948 	2,929 	2,982 	2,942 
09.09.11	3,056 	2,964 	3,057 	2,99 
08.09.11	3,07 	3,039 	3,076 	3,044 
07.09.11	3,03 	3,012 	3,077 	3,072 
06.09.11	2,951 	2,945 	3,025 	3,02 
05.09.11	2,982 	2,944 	2,987 	2,947 
02.09.11	3,048 	2,981 	3,052 	3,006 
01.09.11	3,086 	3,053 	3,09 	3,056 
31.08.11	3,074 	3,06 	3,093 	3,074 
30.08.11	3,029 	3,005 	3,084 	3,074 
29.08.11	3,011 	3,002 	3,045 	3,021 
26.08.11	3,002 	2,967 	3,02 	3,01 
25.08.11	2,984 	2,948 	3,005 	2,99 
24.08.11	2,951 	2,944 	2,992 	2,971 
23.08.11	2,936 	2,893 	2,963 	2,963 
22.08.11	2,859 	2,849 	2,927 	2,915 
19.08.11	2,861 	2,842 	2,932 	2,924 
18.08.11	2,967 	2,866 	2,967 	2,871 
17.08.11	2,963 	2,962 	3,007 	2,975 
16.08.11	2,937 	2,92 	2,964 	2,951 
15.08.11	2,913 	2,898 	2,948 	2,945 
12.08.11	2,882 	2,878 	2,936 	2,907 
11.08.11	2,874 	2,827 	2,906 	2,904 
10.08.11	2,819 	2,801 	2,884 	2,855 
09.08.11	2,777 	2,736 	2,853 	2,777 
08.08.11	2,87 	2,796 	2,906 	2,825 
05.08.11	2,863 	2,832 	2,957 	2,941 
04.08.11	3,014 	2,893 	3,032 	2,903 
03.08.11	3,069 	3,015 	3,086 	3,021 
02.08.11	3,087 	3,068 	3,141 	3,087 
01.08.11	3,148 	3,056 	3,195 	3,104 
29.07.11	3,105 	3,076 	3,118 	3,104 
28.07.11	3,104 	3,094 	3,132 	3,113 
27.07.11	3,122 	3,092 	3,124 	3,102 
26.07.11	3,125 	3,085 	3,15 	3,126 
25.07.11	3,142 	3,104 	3,142 	3,112 
22.07.11	3,127 	3,114 	3,15 	3,138 
21.07.11	3,137 	3,10 	3,156 	3,122 
20.07.11	3,128 	3,101 	3,144 	3,128 
19.07.11	3,094 	3,094 	3,136 	3,118 
18.07.11	3,125 	3,059 	3,126 	3,091 
15.07.11	3,094 	3,071 	3,136 	3,135 
14.07.11	3,103 	3,059 	3,137 	3,091 
13.07.11	3,078 	3,062 	3,131 	3,097 
12.07.11	3,076 	3,041 	3,088 	3,073 
11.07.11	3,088 	3,039 	3,105 	3,082 
08.07.11	3,095 	3,067 	3,134 	3,095 
07.07.11	2,982 	2,98 	3,082 	3,074 
06.07.11	2,974 	2,929 	2,975 	2,967 
05.07.11	2,913 	2,898 	2,986 	2,956 
04.07.11	2,935 	2,912 	2,939 	2,921 
01.07.11	2,929 	2,881 	2,93 	2,925 
30.06.11	2,937 	2,909 	2,961 	2,934 
29.06.11	2,839 	2,835 	2,946 	2,934 
28.06.11	2,773 	2,773 	2,85 	2,84 
27.06.11	2,755 	2,732 	2,802 	2,782 
24.06.11	2,842 	2,752 	2,842 	2,787 
23.06.11	2,937 	2,773 	2,945 	2,827 
22.06.11	2,902 	2,885 	2,986 	2,95 
21.06.11	2,951 	2,882 	2,974 	2,89 
20.06.11	2,964 	2,94 	2,979 	2,941 
17.06.11	3,007 	2,953 	3,008 	2,999 
16.06.11	3,024 	2,988 	3,047 	3,018 
15.06.11	3,125 	2,986 	3,128 	3,004 
14.06.11	3,111 	3,099 	3,153 	3,121 
13.06.11	3,10 	3,063 	3,134 	3,098 
10.06.11	3,142 	3,09 	3,145 	3,102 
09.06.11	3,095 	3,077 	3,141 	3,133 
08.06.11	3,055 	3,044 	3,11 	3,088 
07.06.11	3,009 	3,003 	3,094 	3,084 
06.06.11	3,051 	3,007 	3,06 	3,011 
03.06.11	3,044 	2,988 	3,069 	3,063 
02.06.11	3,005 	2,995 	3,052 	3,04 
01.06.11	3,052 	2,995 	3,065 	3,017 
31.05.11	3,011 	3,011 	3,074 	3,046 
30.05.11	2,982 	2,976 	2,998 	2,998 
27.05.11	3,002 	2,982 	3,009 	3,00 
26.05.11	3,001 	2,978 	3,008 	2,997 
25.05.11	2,899 	2,896 	2,995 	2,993 
24.05.11	2,876 	2,876 	2,929 	2,924 
23.05.11	2,884 	2,844 	2,895 	2,859 
20.05.11	2,914 	2,843 	2,949 	2,937 
19.05.11	2,912 	2,898 	2,936 	2,912 
18.05.11	2,883 	2,881 	2,936 	2,913 
17.05.11	2,893 	2,824 	2,91 	2,867 
16.05.11	2,931 	2,874 	2,949 	2,876 
13.05.11	2,927 	2,888 	2,948 	2,937 
12.05.11	2,907 	2,849 	2,948 	2,913 
11.05.11	3,014 	2,896 	3,021 	2,916 
10.05.11	2,929 	2,929 	3,01 	3,005 
09.05.11	2,888 	2,884 	2,986 	2,976 
06.05.11	2,911 	2,777 	2,965 	2,859 
05.05.11	3,149 	2,887 	3,169 	2,897 
04.05.11	3,185 	3,136 	3,203 	3,137 
03.05.11	3,24 	3,173 	3,248 	3,191 
02.05.11	3,248 	3,175 	3,291 	3,245 
29.04.11	3,243 	3,237 	3,276 	3,275 
28.04.11	3,261 	3,224 	3,283 	3,245 
27.04.11	3,224 	3,209 	3,27 	3,253 
26.04.11	3,191 	3,188 	3,232 	3,223 
21.04.11	3,249 	3,202 	3,252 	3,215 
20.04.11	3,192 	3,188 	3,247 	3,227 
19.04.11	3,186 	3,134 	3,20 	3,167 
18.04.11	3,229 	3,177 	3,232 	3,203 
15.04.11	3,215 	3,201 	3,254 	3,24 
14.04.11	3,228 	3,185 	3,228 	3,212 
13.04.11	3,193 	3,16 	3,213 	3,20 
12.04.11	3,232 	3,155 	3,281 	3,167 
11.04.11	3,303 	3,246 	3,311 	3,248 
08.04.11	3,239 	3,232 	3,325 	3,325 
07.04.11	3,184 	3,177 	3,21 	3,202 
06.04.11	3,183 	3,166 	3,219 	3,187 
05.04.11	3,163 	3,148 	3,195 	3,17 
04.04.11	3,152 	3,138 	3,176 	3,159 
01.04.11	3,107 	3,094 	3,139 	3,139 
31.03.11	3,071 	3,071 	3,127 	3,101 
30.03.11	3,054 	3,041 	3,072 	3,055 
29.03.11	3,041 	3,019 	3,066 	3,057 
28.03.11	3,063 	3,036 	3,086 	3,043 
25.03.11	3,082 	3,067 	3,091 	3,075 
24.03.11	3,08 	3,037 	3,085 	3,082 
23.03.11	3,088 	3,062 	3,11 	3,064 
22.03.11	3,062 	3,053 	3,102 	3,09 
21.03.11	3,08 	3,053 	3,089 	3,06 
18.03.11	3,097 	3,018 	3,112 	3,044 
17.03.11	3,02 	3,02 	3,091 	3,075 
16.03.11	2,962 	2,958 	3,038 	2,999 
15.03.11	3,011 	2,918 	3,029 	2,947 
14.03.11	3,017 	2,998 	3,076 	3,065 
11.03.11	3,027 	2,985 	3,044 	3,022 
10.03.11	3,077 	2,992 	3,082 	3,032 
09.03.11	3,006 	3,003 	3,081 	3,065 
08.03.11	3,029 	2,989 	3,068 	3,009 
07.03.11	3,113 	3,048 	3,135 	3,048 
04.03.11	3,071 	3,055 	3,093 	3,087 
03.03.11	3,04 	3,019 	3,058 	3,052 
02.03.11	3,03 	3,013 	3,078 	3,054 
01.03.11	2,947 	2,937 	3,04 	3,04 
28.02.11	2,979 	2,927 	2,983 	2,94 
25.02.11	2,937 	2,879 	2,957 	2,955 
24.02.11	2,981 	2,86 	3,025 	2,864 
23.02.11	2,813 	2,813 	2,932 	2,919 
22.02.11	2,845 	2,789 	2,856 	2,805 
21.02.11	2,758 	2,756 	2,812 	2,803 
18.02.11	2,743 	2,686 	2,758 	2,734 
17.02.11	2,781 	2,739 	2,788 	2,748 
16.02.11	2,742 	2,742 	2,794 	2,778 
15.02.11	2,756 	2,719 	2,774 	2,732 
14.02.11	2,72 	2,715 	2,782 	2,75 
11.02.11	2,728 	2,694 	2,738 	2,704 
10.02.11	2,758 	2,711 	2,777 	2,721 
09.02.11	2,74 	2,73 	2,778 	2,778 
08.02.11	2,719 	2,668 	2,743 	2,736 
07.02.11	2,723 	2,693 	2,738 	2,706 
04.02.11	2,774 	2,707 	2,781 	2,716 
03.02.11	2,797 	2,761 	2,804 	2,766 
02.02.11	2,758 	2,749 	2,785 	2,781 
01.02.11	2,729 	2,722 	2,762 	2,753 
31.01.11	2,703 	2,677 	2,758 	2,734 
28.01.11	2,67 	2,643 	2,705 	2,689 
27.01.11	2,671 	2,655 	2,695 	2,661 
26.01.11	2,615 	2,613 	2,679 	2,679 
25.01.11	2,627 	2,577 	2,627 	2,598 
24.01.11	2,67 	2,619 	2,674 	2,62 
21.01.11	2,632 	2,632 	2,662 	2,659 
20.01.11	2,649 	2,602 	2,656 	2,624 
19.01.11	2,657 	2,65 	2,677 	2,661 
18.01.11	2,635 	2,626 	2,662 	2,645 
17.01.11	2,645 	2,628 	2,645 	2,631 
14.01.11	2,62 	2,603 	2,648 	2,648 
13.01.11	2,619 	2,588 	2,624 	2,61 
12.01.11	2,607 	2,60 	2,633 	2,612 
11.01.11	2,556 	2,546 	2,608 	2,606 
10.01.11	2,501 	2,497 	2,564 	2,564 
07.01.11	2,51 	2,472 	2,517 	2,50 
06.01.11	2,547 	2,501 	2,558 	2,516 
05.01.11	2,499 	2,469 	2,552 	2,543 
04.01.11	2,559 	2,484 	2,57 	2,506 
03.01.11	2,555 	2,547 	2,587 	2,557 
30.12.10	2,54 	2,487 	2,543 	2,487 
29.12.10	2,537 	2,525 	2,541 	2,534 
28.12.10	2,527 	2,524 	2,54 	2,529 
27.12.10	2,558 	2,517 	2,558 	2,519 
23.12.10	2,544 	2,535 	2,557 	2,554 
22.12.10	2,532 	2,53 	2,547 	2,539 
21.12.10	2,506 	2,496 	2,532 	2,527 
20.12.10	2,487 	2,466 	2,513 	2,495 
17.12.10	2,492 	2,472 	2,511 	2,483 
16.12.10	2,492 	2,48 	2,499 	2,485 
15.12.10	2,473 	2,45 	2,502 	2,492 
14.12.10	2,468 	2,453 	2,478 	2,46 
13.12.10	2,476 	2,449 	2,494 	2,458 
10.12.10	2,482 	2,44 	2,483 	2,459 
09.12.10	2,478 	2,451 	2,488 	2,475 
08.12.10	2,451 	2,435 	2,478 	2,463 
07.12.10	2,477 	2,462 	2,516 	2,464 
03.12.10	2,45 	2,441 	2,498 	2,497 
02.12.10	2,407 	2,401 	2,457 	2,448 
01.12.10	2,343 	2,342 	2,408 	2,405 
30.11.10	2,375 	2,329 	2,383 	2,329 
29.11.10	2,359 	2,337 	2,387 	2,38 
26.11.10	2,33 	2,312 	2,344 	2,341 
25.11.10	2,33 	2,33 	2,356 	2,352 
24.11.10	2,279 	2,274 	2,347 	2,346 
23.11.10	2,275 	2,245 	2,286 	2,274 
22.11.10	2,313 	2,261 	2,321 	2,285 
19.11.10	2,315 	2,276 	2,336 	2,293 
18.11.10	2,30 	2,298 	2,322 	2,313 
17.11.10	2,313 	2,259 	2,326 	2,271 
16.11.10	2,378 	2,326 	2,379 	2,327 
15.11.10	2,388 	2,384 	2,408 	2,386 
12.11.10	2,393 	2,35 	2,405 	2,362 
11.11.10	2,451 	2,426 	2,457 	2,426 
10.11.10	2,41 	2,403 	2,452 	2,446 
09.11.10	2,397 	2,381 	2,418 	2,381 
08.11.10	2,383 	2,367 	2,40 	2,398 
05.11.10	2,384 	2,364 	2,386 	2,386 
04.11.10	2,341 	2,341 	2,379 	2,376 
03.11.10	2,304 	2,302 	2,337 	2,334 
02.11.10	2,286 	2,28 	2,308 	2,308 
01.11.10	2,247 	2,242 	2,301 	2,276 
29.10.10	2,249 	2,218 	2,258 	2,239 
28.10.10	2,255 	2,246 	2,272 	2,257 
27.10.10	2,257 	2,22 	2,26 	2,253 
26.10.10	2,269 	2,258 	2,28 	2,268 
25.10.10	2,291 	2,252 	2,299 	2,275 
22.10.10	2,247 	2,23 	2,276 	2,276 
21.10.10	2,264 	2,227 	2,279 	2,237 
20.10.10	2,229 	2,214 	2,272 	2,269 
19.10.10	2,284 	2,209 	2,29 	2,21 
18.10.10	2,237 	2,232 	2,299 	2,297 
15.10.10	2,303 	2,238 	2,311 	2,252 
14.10.10	2,317 	2,273 	2,323 	2,28 
13.10.10	2,271 	2,271 	2,309 	2,299 
12.10.10	2,262 	2,248 	2,281 	2,264 
11.10.10	2,29 	2,266 	2,291 	2,275 
08.10.10	2,256 	2,225 	2,283 	2,282 
07.10.10	2,32 	2,242 	2,332 	2,248 
06.10.10	2,306 	2,283 	2,33 	2,309 
05.10.10	2,284 	2,284 	2,307 	2,299 
04.10.10	2,295 	2,276 	2,312 	2,287 
01.10.10	2,281 	2,269 	2,295 	2,294 
30.09.10	2,209 	2,205 	2,27 	2,265 
29.09.10	2,155 	2,139 	2,215 	2,212 
28.09.10	2,128 	2,114 	2,162 	2,142 
27.09.10	2,156 	2,114 	2,157 	2,134 
24.09.10	2,12 	2,12 	2,16 	2,15 
23.09.10	2,119 	2,097 	2,146 	2,126 
22.09.10	2,138 	2,109 	2,149 	2,123 
21.09.10	2,151 	2,131 	2,178 	2,131 
20.09.10	2,121 	2,111 	2,167 	2,157 
17.09.10	2,128 	2,09 	2,147 	2,117 
16.09.10	2,13 	2,111 	2,149 	2,114 
15.09.10	2,141 	2,13 	2,154 	2,144 
14.09.10	2,123 	2,115 	2,151 	2,127 
13.09.10	2,117 	2,106 	2,144 	2,119 
10.09.10	2,07 	2,07 	2,11 	2,104 
09.09.10	2,087 	2,06 	2,105 	2,068 
08.09.10	2,068 	2,055 	2,10 	2,078 
07.09.10	2,052 	2,027 	2,092 	2,068 
06.09.10	2,052 	2,051 	2,066 	2,059 
03.09.10	2,053 	2,014 	2,071 	2,053 
02.09.10	2,04 	2,016 	2,063 	2,059 
01.09.10	2,01 	1,993 	2,058 	2,042 
31.08.10	2,02 	1,987 	2,048 	1,991 
30.08.10	2,053 	2,034 	2,054 	2,034 
27.08.10	2,019 	2,012 	2,062 	2,062 
26.08.10	1,989 	1,983 	2,038 	2,025 
25.08.10	1,962 	1,943 	1,992 	1,992 
24.08.10	1,967 	1,951 	1,968 	1,954 
23.08.10	1,999 	1,973 	2,009 	1,979 
20.08.10	2,027 	1,99 	2,033 	1,998 
19.08.10	2,051 	2,015 	2,065 	2,027 
18.08.10	2,044 	2,013 	2,056 	2,046 
17.08.10	2,022 	2,021 	2,064 	2,051 
16.08.10	2,009 	1,984 	2,013 	1,99 
13.08.10	2,028 	1,989 	2,028 	1,998 
12.08.10	2,06 	1,998 	2,071 	2,005 
11.08.10	2,115 	2,068 	2,115 	2,07 
10.08.10	2,146 	2,099 	2,146 	2,127 
09.08.10	2,162 	2,146 	2,174 	2,158 
06.08.10	2,193 	2,134 	2,201 	2,154 
05.08.10	2,20 	2,183 	2,204 	2,191 
04.08.10	2,197 	2,181 	2,207 	2,205 
03.08.10	2,159 	2,155 	2,201 	2,201 
02.08.10	2,093 	2,092 	2,168 	2,163 
30.07.10	2,062 	2,033 	2,09 	2,09 
29.07.10	2,032 	2,019 	2,084 	2,065 
28.07.10	2,034 	2,008 	2,037 	2,024 
27.07.10	2,073 	2,016 	2,09 	2,031 
26.07.10	2,083 	2,057 	2,088 	2,074 
23.07.10	2,086 	2,066 	2,101 	2,08 
22.07.10	2,015 	2,014 	2,091 	2,084 
21.07.10	2,057 	2,011 	2,075 	2,018 
20.07.10	2,048 	2,022 	2,062 	2,054 
19.07.10	2,032 	2,029 	2,081 	2,041 
16.07.10	2,04 	2,021 	2,055 	2,032 
15.07.10	2,056 	2,017 	2,074 	2,048 
14.07.10	2,064 	2,051 	2,085 	2,054 
13.07.10	1,982 	1,979 	2,058 	2,05 
12.07.10	2,019 	1,985 	2,036 	1,992 
09.07.10	2,018 	2,001 	2,043 	2,032 
08.07.10	1,991 	1,985 	2,03 	2,02 
07.07.10	1,923 	1,915 	1,986 	1,985 
06.07.10	1,917 	1,914 	1,968 	1,929 
05.07.10	1,928 	1,899 	1,931 	1,908 
02.07.10	1,94 	1,906 	1,951 	1,922 
01.07.10	2,002 	1,922 	2,002 	1,937 
30.06.10	2,038 	1,997 	2,063 	2,016 
29.06.10	2,091 	2,032 	2,091 	2,032 
28.06.10	2,124 	2,104 	2,124 	2,116 
25.06.10	2,074 	2,062 	2,134 	2,133 
24.06.10	2,089 	2,056 	2,091 	2,074 
23.06.10	2,128 	2,069 	2,137 	2,081 
22.06.10	2,148 	2,127 	2,16 	2,127 
21.06.10	2,183 	2,14 	2,187 	2,151 
18.06.10	2,158 	2,128 	2,162 	2,148 
17.06.10	2,119 	2,118 	2,165 	2,161 
16.06.10	2,089 	2,078 	2,136 	2,126 
15.06.10	2,121 	2,056 	2,131 	2,088 
14.06.10	2,031 	2,009 	2,06 	2,023 
11.06.10	2,033 	1,995 	2,041 	2,018 
10.06.10	2,013 	1,999 	2,051 	2,037 
09.06.10	1,965 	1,962 	2,02 	2,00 
08.06.10	1,977 	1,951 	1,982 	1,963 
07.06.10	1,945 	1,939 	1,985 	1,958 
04.06.10	2,032 	2,03 	2,055 	2,037 
03.06.10	2,036 	2,001 	2,043 	2,037 
02.06.10	1,961 	1,953 	2,022 	2,016 
01.06.10	2,005 	1,949 	2,033 	1,966 
31.05.10	2,013 	2,004 	2,019 	2,01 
28.05.10	2,01 	1,985 	2,041 	2,007 
27.05.10	1,944 	1,937 	2,013 	2,008 
26.05.10	1,896 	1,886 	1,94 	1,933 
25.05.10	1,884 	1,85 	1,895 	1,893 
24.05.10	1,924 	1,898 	1,929 	1,921 
21.05.10	1,912 	1,89 	1,939 	1,907 
20.05.10	1,964 	1,878 	1,971 	1,915 
19.05.10	1,965 	1,942 	1,984 	1,966 
18.05.10	2,024 	1,991 	2,037 	1,996 
17.05.10	2,044 	1,998 	2,081 	2,009 
14.05.10	2,152 	2,069 	2,152 	2,08 
13.05.10	2,184 	2,146 	2,189 	2,148 
12.05.10	2,128 	2,128 	2,164 	2,162 
11.05.10	2,105 	2,101 	2,154 	2,134 
10.05.10	2,127 	2,105 	2,165 	2,13 
07.05.10	2,116 	2,061 	2,132 	2,092 
06.05.10	2,176 	2,07 	2,19 	2,102 
05.05.10	2,259 	2,172 	2,26 	2,183 
04.05.10	2,344 	2,258 	2,349 	2,261 
03.05.10	2,32 	2,314 	2,356 	2,342 
30.04.10	2,283 	2,283 	2,321 	2,314 
29.04.10	2,25 	2,249 	2,297 	2,282 
28.04.10	2,254 	2,222 	2,261 	2,251 
27.04.10	2,256 	2,246 	2,282 	2,246 
26.04.10	2,283 	2,256 	2,289 	2,261 
23.04.10	2,229 	2,226 	2,276 	2,276 
22.04.10	2,233 	2,203 	2,25 	2,237 
21.04.10	2,224 	2,20 	2,244 	2,232 
20.04.10	2,197 	2,194 	2,216 	2,207 
19.04.10	2,208 	2,164 	2,208 	2,192 
16.04.10	2,267 	2,214 	2,269 	2,236 
15.04.10	2,264 	2,255 	2,281 	2,273 
14.04.10	2,237 	2,23 	2,274 	2,264 
13.04.10	2,236 	2,209 	2,244 	2,236 
12.04.10	2,235 	2,216 	2,244 	2,218 
09.04.10	2,246 	2,209 	2,258 	2,226 
08.04.10	2,241 	2,209 	2,244 	2,236 
07.04.10	2,266 	2,238 	2,268 	2,24 
06.04.10	2,262 	2,257 	2,279 	2,268 
01.04.10	2,172 	2,172 	2,224 	2,222 
31.03.10	2,13 	2,13 	2,176 	2,169 
30.03.10	2,13 	2,117 	2,14 	2,134 
29.03.10	2,094 	2,093 	2,152 	2,132 
26.03.10	2,093 	2,067 	2,107 	2,088 
25.03.10	2,081 	2,075 	2,10 	2,08 
24.03.10	2,098 	2,075 	2,098 	2,082 
23.03.10	2,089 	2,082 	2,117 	2,107 
22.03.10	2,076 	2,042 	2,101 	2,10 
19.03.10	2,126 	2,066 	2,126 	2,09 
18.03.10	2,134 	2,121 	2,143 	2,126 
17.03.10	2,137 	2,132 	2,153 	2,145 
16.03.10	2,07 	2,06 	2,131 	2,128 
15.03.10	2,107 	2,058 	2,115 	2,071 
12.03.10	2,13 	2,088 	2,153 	2,108 
11.03.10	2,117 	2,112 	2,135 	2,131 
10.03.10	2,085 	2,083 	2,133 	2,116 
09.03.10	2,098 	2,068 	2,106 	2,089 
08.03.10	2,119 	2,086 	2,12 	2,106 
05.03.10	2,078 	2,075 	2,107 	2,101 
04.03.10	2,081 	2,064 	2,093 	2,075 
03.03.10	2,06 	2,058 	2,097 	2,093 
02.03.10	2,022 	2,018 	2,084 	2,057 
01.03.10	2,045 	2,007 	2,066 	2,026 
26.02.10	2,009 	1,991 	2,047 	2,039 
25.02.10	2,053 	1,977 	2,053 	2,00 
24.02.10	2,05 	2,029 	2,058 	2,058 
23.02.10	2,088 	2,033 	2,089 	2,044 
22.02.10	2,089 	2,078 	2,097 	2,088 
19.02.10	2,036 	2,029 	2,082 	2,082 
18.02.10	2,004 	1,991 	2,062 	2,062 
17.02.10	2,012 	1,998 	2,021 	2,019 
16.02.10	1,942 	1,942 	2,016 	2,007 
15.02.10	1,935 	1,92 	1,935 	1,923 
12.02.10	1,967 	1,91 	1,968 	1,933 
11.02.10	1,958 	1,935 	1,982 	1,968 
10.02.10	1,933 	1,915 	1,964 	1,956 
09.02.10	1,892 	1,891 	1,949 	1,943 
08.02.10	1,882 	1,869 	1,902 	1,888 
05.02.10	1,934 	1,832 	1,944 	1,891 
04.02.10	2,022 	1,919 	2,023 	1,931 
03.02.10	2,036 	2,008 	2,055 	2,021 
02.02.10	1,954 	1,954 	2,032 	2,031 
01.02.10	1,92 	1,913 	1,97 	1,965 
29.01.10	1,923 	1,906 	1,952 	1,914 
28.01.10	1,932 	1,913 	1,946 	1,936 
27.01.10	1,962 	1,911 	1,975 	1,929 
26.01.10	1,956 	1,949 	1,972 	1,961 
25.01.10	1,957 	1,948 	1,977 	1,974 
22.01.10	1,999 	1,948 	2,006 	1,949 
21.01.10	2,04 	1,99 	2,044 	1,994 
20.01.10	2,043 	2,016 	2,043 	2,032 
19.01.10	2,049 	2,012 	2,061 	2,059 
18.01.10	2,054 	2,046 	2,066 	2,056 
15.01.10	2,084 	2,053 	2,084 	2,061 
14.01.10	2,115 	2,079 	2,117 	2,088 
13.01.10	2,104 	2,066 	2,117 	2,097 
12.01.10	2,173 	2,122 	2,175 	2,135 
11.01.10	2,22 	2,173 	2,226 	2,173 
08.01.10	2,182 	2,16 	2,203 	2,198 
07.01.10	2,19 	2,179 	2,203 	2,182 
06.01.10	2,185 	2,166 	2,209 	2,203 
05.01.10	2,194 	2,169 	2,205 	2,195 
04.01.10	2,142 	2,142 	2,195 	2,194 
31.12.09	2,128 	2,114 	2,141 	2,122 
30.12.09	2,125 	2,114 	2,134 	2,121 
29.12.09	2,103 	2,097 	2,134 	2,116 
28.12.09	2,075 	2,066 	2,098 	2,098 
24.12.09	2,04 	2,04 	2,04 	2,04 
23.12.09	1,977 	1,974 	2,04 	2,028 
22.12.09	1,97 	1,936 	1,987 	1,967 
21.12.09	1,985 	1,954 	2,004 	1,959 
18.12.09	1,979 	1,966 	2,008 	1,974 
17.12.09	1,981 	1,948 	1,981 	1,967 
16.12.09	1,937 	1,937 	1,993 	1,987 
15.12.09	1,931 	1,924 	1,954 	1,927 
14.12.09	1,938 	1,927 	1,947 	1,929 
11.12.09	1,905 	1,889 	1,919 	1,911 
10.12.09	1,92 	1,889 	1,928 	1,902 
09.12.09	2,00 	1,908 	2,007 	1,912 
08.12.09	2,014 	1,983 	2,024 	1,993 
07.12.09	2,039 	1,998 	2,039 	2,013 
04.12.09	2,045 	2,016 	2,086 	2,036 
03.12.09	2,047 	2,022 	2,061 	2,044 
02.12.09	2,073 	2,028 	2,073 	2,036 
01.12.09	2,051 	2,051 	2,095 	2,071 
30.11.09	2,023 	1,992 	2,071 	2,046 
27.11.09	1,963 	1,915 	2,017 	2,01 
26.11.09	2,01 	1,994 	2,03 	1,999 
25.11.09	1,999 	1,985 	2,045 	2,033 
24.11.09	2,008 	1,976 	2,026 	1,991 
23.11.09	2,038 	2,008 	2,077 	2,017 
20.11.09	2,044 	1,998 	2,044 	2,018 
19.11.09	2,087 	2,023 	2,089 	2,038 
18.11.09	2,112 	2,071 	2,125 	2,087 
17.11.09	2,066 	2,057 	2,104 	2,098 
16.11.09	2,024 	2,012 	2,084 	2,068 
13.11.09	2,03 	1,989 	2,041 	2,00 
12.11.09	2,087 	2,017 	2,087 	2,02 
11.11.09	2,085 	2,072 	2,111 	2,09 
10.11.09	2,046 	2,03 	2,089 	2,055 
09.11.09	2,033 	2,018 	2,077 	2,055 
06.11.09	2,067 	1,977 	2,074 	2,003 
05.11.09	2,074 	2,06 	2,09 	2,06 
04.11.09	2,06 	2,06 	2,10 	2,083 
03.11.09	2,04 	2,007 	2,078 	2,068 
02.11.09	2,015 	2,00 	2,052 	2,039 
30.10.09	2,074 	2,006 	2,074 	2,009 
29.10.09	2,019 	2,019 	2,097 	2,082 
28.10.09	2,073 	2,017 	2,073 	2,02 
27.10.09	2,074 	2,048 	2,09 	2,077 
26.10.09	2,096 	2,052 	2,141 	2,067 
23.10.09	2,13 	2,085 	2,13 	2,097 
22.10.09	2,122 	2,095 	2,135 	2,123 
21.10.09	2,07 	2,051 	2,158 	2,122 
20.10.09	2,087 	2,06 	2,088 	2,071 
19.10.09	2,065 	2,055 	2,084 	2,077 
16.10.09	2,049 	2,031 	2,067 	2,063 
15.10.09	1,991 	1,97 	2,053 	2,044 
14.10.09	1,942 	1,928 	1,945 	1,943 
13.10.09	1,902 	1,895 	1,929 	1,925 
12.10.09	1,873 	1,867 	1,913 	1,895 
09.10.09	1,83 	1,828 	1,867 	1,866 
08.10.09	1,804 	1,772 	1,854 	1,837 
07.10.09	1,833 	1,768 	1,838 	1,787 
06.10.09	1,803 	1,796 	1,842 	1,816 
05.10.09	1,799 	1,738 	1,806 	1,792 
02.10.09	1,813 	1,761 	1,813 	1,791 
01.10.09	1,819 	1,797 	1,848 	1,82 
30.09.09	1,733 	1,713 	1,831 	1,826 
29.09.09	1,72 	1,705 	1,733 	1,724 
28.09.09	1,701 	1,697 	1,744 	1,724 
25.09.09	1,726 	1,688 	1,733 	1,711 
24.09.09	1,779 	1,704 	1,787 	1,714 
23.09.09	1,837 	1,78 	1,851 	1,783 
22.09.09	1,796 	1,795 	1,846 	1,843 
21.09.09	1,853 	1,779 	1,853 	1,78 
18.09.09	1,864 	1,852 	1,879 	1,857 
17.09.09	1,855 	1,849 	1,887 	1,872 
16.09.09	1,799 	1,793 	1,857 	1,855 
15.09.09	1,738 	1,733 	1,79 	1,78 
14.09.09	1,711 	1,71 	1,743 	1,739 
11.09.09	1,788 	1,72 	1,809 	1,735 
10.09.09	1,809 	1,767 	1,81 	1,798 
09.09.09	1,789 	1,774 	1,823 	1,799 
08.09.09	1,734 	1,733 	1,808 	1,782 
07.09.09	1,733 	1,718 	1,753 	1,718 
04.09.09	1,738 	1,704 	1,745 	1,715 
03.09.09	1,758 	1,734 	1,776 	1,737 
02.09.09	1,767 	1,738 	1,783 	1,749 
01.09.09	1,815 	1,803 	1,847 	1,846 
31.08.09	1,882 	1,784 	1,882 	1,803 
28.08.09	1,889 	1,869 	1,913 	1,891 
27.08.09	1,862 	1,839 	1,891 	1,891 
26.08.09	1,885 	1,842 	1,894 	1,875 
25.08.09	1,926 	1,864 	1,949 	1,878 
24.08.09	1,943 	1,922 	1,958 	1,939 
21.08.09	1,907 	1,906 	1,95 	1,934 
20.08.09	1,949 	1,908 	1,949 	1,914 
19.08.09	1,886 	1,863 	1,955 	1,948 
18.08.09	1,847 	1,818 	1,908 	1,882 
17.08.09	1,855 	1,812 	1,855 	1,847 
14.08.09	1,955 	1,859 	1,955 	1,875 
13.08.09	1,916 	1,892 	1,932 	1,917 
12.08.09	1,904 	1,884 	1,931 	1,896 
11.08.09	1,941 	1,886 	1,945 	1,909 
10.08.09	1,912 	1,906 	1,939 	1,939 
07.08.09	1,938 	1,908 	1,959 	1,917 
06.08.09	1,945 	1,926 	1,972 	1,936 
05.08.09	1,901 	1,889 	1,955 	1,955 
04.08.09	1,875 	1,85 	1,902 	1,901 
03.08.09	1,846 	1,844 	1,89 	1,877 
31.07.09	1,80 	1,737 	1,837 	1,829 
30.07.09	1,702 	1,696 	1,793 	1,787 
29.07.09	1,784 	1,685 	1,784 	1,689 
28.07.09	1,825 	1,782 	1,831 	1,794 
27.07.09	1,821 	1,803 	1,83 	1,814 
24.07.09	1,79 	1,785 	1,82 	1,811 
23.07.09	1,752 	1,73 	1,803 	1,791 
22.07.09	1,721 	1,703 	1,75 	1,743 
21.07.09	1,709 	1,707 	1,763 	1,728 
20.07.09	1,693 	1,687 	1,727 	1,72 
17.07.09	1,624 	1,61 	1,688 	1,688 
16.07.09	1,62 	1,597 	1,64 	1,635 
15.07.09	1,532 	1,525 	1,59 	1,587 
14.07.09	1,514 	1,497 	1,54 	1,509 
13.07.09	1,511 	1,488 	1,539 	1,506 
10.07.09	1,528 	1,498 	1,539 	1,53 
09.07.09	1,553 	1,513 	1,568 	1,533 
08.07.09	1,587 	1,534 	1,589 	1,537 
07.07.09	1,63 	1,59 	1,642 	1,59 
06.07.09	1,66 	1,624 	1,662 	1,628 
03.07.09	1,707 	1,666 	1,71 	1,666 
02.07.09	1,762 	1,70 	1,768 	1,703 
01.07.09	1,796 	1,745 	1,826 	1,765 
30.06.09	1,864 	1,766 	1,864 	1,794 
29.06.09	1,77 	1,77 	1,842 	1,835 
26.06.09	1,834 	1,771 	1,841 	1,785 
25.06.09	1,793 	1,793 	1,843 	1,827 
24.06.09	1,79 	1,78 	1,82 	1,787 
23.06.09	1,76 	1,756 	1,819 	1,818 
22.06.09	1,828 	1,756 	1,828 	1,77 
19.06.09	1,884 	1,8205 	1,894 	1,8355 
18.06.09	1,889 	1,8629 	1,9056 	1,874 
17.06.09	1,8721 	1,8437 	1,8982 	1,8925 
16.06.09	1,8415 	1,8415 	1,9119 	1,8711 
15.06.09	1,856 	1,827 	1,8795 	1,8495 
12.06.09	1,88 	1,8513 	1,882 	1,8745 
11.06.09	1,88 	1,8694 	1,9029 	1,8894 
10.06.09	1,8223 	1,8134 	1,8385 	1,8285 
09.06.09	1,7903 	1,7799 	1,8115 	1,8048 
08.06.09	1,755 	1,74 	1,787 	1,783 
05.06.09	1,7998 	1,7593 	1,8089 	1,779 
04.06.09	1,7448 	1,7448 	1,8052 	1,7865 
03.06.09	1,7916 	1,7146 	1,7916 	1,7383 
02.06.09	1,7645 	1,7499 	1,8077 	1,8056 
01.06.09	1,6892 	1,6892 	1,7711 	1,7685 
29.05.09	1,6385 	1,6357 	1,6798 	1,6798 
28.05.09	1,5784 	1,576 	1,637 	1,63 
27.05.09	1,5702 	1,5664 	1,5931 	1,5802 
26.05.09	1,546 	1,5024 	1,5705 	1,57 
25.05.09	1,5508 	1,5395 	1,554 	1,554 
22.05.09	1,5639 	1,5366 	1,5671 	1,564 
21.05.09	1,5548 	1,5217 	1,5616 	1,5515 
20.05.09	1,5195 	1,511 	1,5681 	1,5629 
19.05.09	1,522 	1,4885 	1,5296 	1,512 
18.05.09	1,458 	1,4522 	1,5171 	1,5055 
15.05.09	1,5214 	1,464 	1,5214 	1,4652 
14.05.09	1,5026 	1,4853 	1,5212 	1,5205 
13.05.09	1,5554 	1,5071 	1,5554 	1,5181 
12.05.09	1,4909 	1,4883 	1,535 	1,5067 
11.05.09	1,5051 	1,478 	1,5134 	1,4965 
08.05.09	1,5014 	1,4927 	1,5203 	1,512 
07.05.09	1,4773 	1,4606 	1,528 	1,4758 
06.05.09	1,4207 	1,4207 	1,471 	1,4699 
05.05.09	1,4246 	1,4135 	1,4391 	1,4271 
04.05.09	1,395 	1,3828 	1,433 	1,4309 
30.04.09	1,3548 	1,325 	1,3608 	1,34 
29.04.09	1,332 	1,3315 	1,366 	1,3435 
28.04.09	1,326 	1,3106 	1,336 	1,3296 
27.04.09	1,354 	1,3024 	1,3596 	1,344 
24.04.09	1,3267 	1,3267 	1,3866 	1,3865 
23.04.09	1,34 	1,3231 	1,3607 	1,331 
22.04.09	1,361 	1,3285 	1,365 	1,3462 
21.04.09	1,3549 	1,3203 	1,3778 	1,3646 
20.04.09	1,4285 	1,3452 	1,4336 	1,354 
17.04.09	1,4395 	1,4246 	1,4725 	1,4429 
16.04.09	1,4372 	1,4255 	1,447 	1,4406 
15.04.09	1,4397 	1,4051 	1,4412 	1,4318 
14.04.09	1,3905 	1,3766 	1,4342 	1,41 
09.04.09	1,4182 	1,4052 	1,4493 	1,4265 
08.04.09	1,3792 	1,3632 	1,4531 	1,4104 
07.04.09	1,425 	1,388 	1,431 	1,3907 
06.04.09	1,458 	1,3915 	1,4632 	1,4184 
03.04.09	1,4239 	1,4073 	1,4538 	1,4361 
02.04.09	1,3577 	1,3561 	1,446 	1,4379 
01.04.09	1,3421 	1,3055 	1,3488 	1,3488 
31.03.09	1,3614 	1,3246 	1,39 	1,3648 
30.03.09	1,4143 	1,3706 	1,4178 	1,3706 
27.03.09	1,4823 	1,4345 	1,4894 	1,4385 
26.03.09	1,4889 	1,472 	1,5027 	1,4879 
25.03.09	1,4954 	1,4617 	1,5063 	1,471 
24.03.09	1,4775 	1,4649 	1,5114 	1,5033 
23.03.09	1,4113 	1,4012 	1,4878 	1,487 
20.03.09	1,3714 	1,3564 	1,39 	1,3878 
19.03.09	1,298 	1,2956 	1,3988 	1,3635 
18.03.09	1,2838 	1,2539 	1,31 	1,3045 
17.03.09	1,21 	1,2039 	1,295 	1,2834 
16.03.09	1,1824 	1,1555 	1,2325 	1,2296 
13.03.09	1,2185 	1,2015 	1,2619 	1,2015 
12.03.09	1,1476 	1,1311 	1,2356 	1,2181 
11.03.09	1,2038 	1,1334 	1,2038 	1,1394 
10.03.09	1,222 	1,195 	1,2663 	1,20 
09.03.09	1,2357 	1,2005 	1,2607 	1,2198 
06.03.09	1,1845 	1,161 	1,2019 	1,1951 
05.03.09	1,2135 	1,1391 	1,2135 	1,1646 
04.03.09	1,17 	1,1666 	1,2301 	1,205 
03.03.09	1,1651 	1,1493 	1,1985 	1,1725 
02.03.09	1,2444 	1,153 	1,2444 	1,159 
27.02.09	1,2832 	1,232 	1,2872 	1,2635 
26.02.09	1,235 	1,235 	1,3009 	1,2811 
25.02.09	1,188 	1,1823 	1,2469 	1,2354 
24.02.09	1,1634 	1,1573 	1,2067 	1,2028 
23.02.09	1,1985 	1,1579 	1,2228 	1,1625 
20.02.09	1,1828 	1,1464 	1,194 	1,188 
19.02.09	1,1521 	1,1438 	1,1957 	1,1957 
18.02.09	1,1755 	1,1407 	1,1977 	1,1453 
17.02.09	1,261 	1,1831 	1,263 	1,1843 
16.02.09	1,29 	1,2542 	1,3039 	1,2761 
13.02.09	1,3244 	1,29 	1,3258 	1,299 
12.02.09	1,3302 	1,304 	1,3389 	1,3211 
11.02.09	1,3147 	1,3112 	1,3265 	1,3178 
10.02.09	1,3735 	1,3416 	1,4075 	1,3505 
09.02.09	1,369 	1,3465 	1,4226 	1,3635 
06.02.09	1,365 	1,305 	1,3879 	1,3544 
05.02.09	1,3367 	1,3224 	1,3707 	1,361 
04.02.09	1,3225 	1,3122 	1,3567 	1,331 
03.02.09	1,3572 	1,32 	1,3589 	1,3275 
02.02.09	1,4246 	1,3437 	1,4317 	1,359 
30.01.09	1,4185 	1,4113 	1,4719 	1,43 
29.01.09	1,3994 	1,388 	1,4431 	1,4219 
28.01.09	1,3776 	1,37 	1,4414 	1,4115 
27.01.09	1,4396 	1,3643 	1,465 	1,3765 
26.01.09	1,4226 	1,41 	1,4749 	1,4236 
23.01.09	1,3439 	1,3177 	1,4494 	1,425 
22.01.09	1,3815 	1,3089 	1,4019 	1,3395 
21.01.09	1,371 	1,3477 	1,3859 	1,3859 
20.01.09	1,4022 	1,3669 	1,4377 	1,3815 
19.01.09	1,464 	1,3883 	1,464 	1,416 
16.01.09	1,48 	1,4475 	1,5162 	1,4627 
15.01.09	1,4453 	1,4219 	1,5121 	1,425 
14.01.09	1,5248 	1,4297 	1,53 	1,4667 
13.01.09	1,4625 	1,4515 	1,5305 	1,521 
12.01.09	1,49 	1,4499 	1,49 	1,481 
09.01.09	1,5434 	1,4431 	1,5465 	1,488 
08.01.09	1,5648 	1,5008 	1,5987 	1,5311 
07.01.09	1,6203 	1,5394 	1,6415 	1,5523 
06.01.09	1,5717 	1,5641 	1,6523 	1,6287 
05.01.09	1,5008 	1,4783 	1,5496 	1,5496 
02.01.09	1,395 	1,361 	1,4884 	1,4804 
30.12.08	1,2983 	1,2865 	1,3136 	1,2865 
29.12.08	1,302 	1,2753 	1,3665 	1,3084 
24.12.08	1,348 	1,2293 	1,348 	1,2405 
23.12.08	1,351 	1,335 	1,3765 	1,3494 
22.12.08	1,436 	1,3855 	1,4383 	1,3855 
19.12.08	1,4205 	1,4145 	1,4402 	1,4233 
18.12.08	1,465 	1,4127 	1,5075 	1,4143 
17.12.08	1,503 	1,4735 	1,5481 	1,475 
16.12.08	1,4989 	1,476 	1,5565 	1,504 
15.12.08	1,54 	1,4866 	1,6194 	1,4866 
12.12.08	1,4643 	1,4262 	1,511 	1,4973 
11.12.08	1,4178 	1,391 	1,5445 	1,4933 
10.12.08	1,4565 	1,4008 	1,4896 	1,415 
09.12.08	1,4929 	1,4345 	1,5035 	1,4348 
08.12.08	1,4845 	1,4604 	1,503 	1,495 
05.12.08	1,5111 	1,4368 	1,5345 	1,4473 
04.12.08	1,5655 	1,5193 	1,593 	1,5325 
03.12.08	1,5928 	1,5741 	1,6027 	1,5796 
02.12.08	1,5866 	1,5787 	1,6386 	1,5967 
01.12.08	1,6976 	1,6232 	1,698 	1,6232 
28.11.08	1,7354 	1,6757 	1,7525 	1,7483 
27.11.08	1,736 	1,7182 	1,7516 	1,7509 
26.11.08	1,7192 	1,6975 	1,7739 	1,7565 
25.11.08	1,7775 	1,7105 	1,7816 	1,7166 
24.11.08	1,7044 	1,6765 	1,8195 	1,7971 
21.11.08	1,7078 	1,6831 	1,7251 	1,7087 
20.11.08	1,7515 	1,7151 	1,7565 	1,7334 
19.11.08	1,7878 	1,7585 	1,8125 	1,784 
18.11.08	1,821 	1,774 	1,821 	1,775 
17.11.08	1,8315 	1,8116 	1,8982 	1,8116 
14.11.08	1,8935 	1,8383 	1,9075 	1,8555 
13.11.08	1,8243 	1,8243 	1,9271 	1,9271 
12.11.08	1,903 	1,8512 	1,903 	1,8585 
11.11.08	1,9692 	1,9209 	1,9705 	1,9279 
10.11.08	2,0328 	1,95 	2,0923 	2,003 
07.11.08	1,9478 	1,9478 	1,9925 	1,9862 
06.11.08	2,0352 	1,9421 	2,0523 	1,9421 
05.11.08	2,1076 	2,0272 	2,1229 	2,06 
04.11.08	1,9872 	1,9516 	2,196 	2,1384 
03.11.08	2,1027 	1,9833 	2,1027 	1,9848 
31.10.08	1,9632 	1,9396 	1,992 	1,9912 
30.10.08	2,0733 	1,955 	2,0733 	1,994 
29.10.08	1,9808 	1,9618 	2,0654 	2,043 
28.10.08	1,9925 	1,94 	1,9925 	1,9571 
27.10.08	1,9522 	1,9167 	1,996 	1,9274 
24.10.08	2,043 	1,945 	2,0439 	1,9925 
23.10.08	2,0565 	2,0514 	2,0995 	2,0641 
22.10.08	2,135 	2,0507 	2,1429 	2,0507 
21.10.08	2,2383 	2,1562 	2,2436 	2,1945 
20.10.08	2,1898 	2,1768 	2,2678 	2,244 
17.10.08	2,185 	2,1197 	2,2116 	2,1732 
16.10.08	2,155 	2,093 	2,2091 	2,1234 
15.10.08	2,2632 	2,1883 	2,2793 	2,1907 
14.10.08	2,3655 	2,2617 	2,4132 	2,2795 
13.10.08	2,275 	2,275 	2,3428 	2,3372 
10.10.08	2,3164 	2,2103 	2,3295 	2,2251 
09.10.08	2,482 	2,4216 	2,495 	2,4216 
08.10.08	2,479 	2,3997 	2,5145 	2,5145 
07.10.08	2,5185 	2,475 	2,55 	2,5053 
06.10.08	2,6079 	2,4766 	2,6079 	2,5062 
03.10.08	2,6992 	2,6607 	2,7255 	2,6607 
02.10.08	2,8416 	2,7441 	2,8447 	2,7482 
01.10.08	2,9265 	2,8047 	2,9495 	2,851 
30.09.08	2,80 	2,738 	2,9061 	2,9061 
29.09.08	2,985 	2,8344 	2,985 	2,8562 
26.09.08	3,0092 	2,9676 	3,0193 	3,0193 
25.09.08	3,0479 	3,0479 	3,0479 	3,0479 
