09.09.13	133,60 	131,80 	138,00 	137,20 
06.09.13	133,05 	132,55 	135,45 	133,30 
05.09.13	133,15 	132,35 	133,67 	132,90 
04.09.13	132,20 	131,05 	134,30 	133,10 
03.09.13	137,35 	131,50 	137,35 	132,20 
02.09.13	137,35 	137,35 	137,35 	137,35 
30.08.13	137,65 	136,75 	138,53 	136,80 
29.08.13	136,40 	136,40 	138,00 	137,90 
28.08.13	135,40 	135,40 	137,20 	136,45 
27.08.13	136,70 	135,60 	139,13 	135,90 
26.08.13	135,60 	133,20 	137,88 	137,35 
23.08.13	138,75 	134,80 	139,15 	135,60 
22.08.13	138,45 	137,90 	140,30 	139,15 
21.08.13	134,95 	134,80 	139,00 	139,00 
20.08.13	135,85 	134,10 	137,18 	134,60 
19.08.13	135,00 	133,68 	136,83 	136,30 
16.08.13	130,60 	127,90 	134,20 	133,55 
15.08.13	131,35 	130,15 	133,20 	131,00 
14.08.13	131,35 	130,85 	134,00 	131,35 
13.08.13	130,95 	130,13 	132,35 	131,55 
12.08.13	134,60 	129,40 	135,00 	131,60 
09.08.13	138,85 	134,20 	138,85 	134,50 
08.08.13	138,50 	137,98 	140,10 	138,95 
07.08.13	140,60 	137,65 	140,70 	138,50 
06.08.13	142,25 	138,60 	142,30 	140,90 
05.08.13	142,65 	142,13 	143,80 	142,65 
02.08.13	144,95 	142,05 	144,95 	142,55 
01.08.13	144,00 	140,53 	145,45 	144,30 
31.07.13	146,05 	143,95 	146,32 	144,05 
30.07.13	145,95 	145,15 	146,95 	146,10 
29.07.13	144,15 	143,30 	146,40 	145,95 
26.07.13	146,25 	143,85 	146,25 	144,20 
25.07.13	146,00 	143,65 	146,60 	146,00 
24.07.13	142,45 	142,10 	146,95 	145,85 
23.07.13	145,90 	141,65 	146,35 	142,10 
22.07.13	145,00 	144,80 	147,30 	146,00 
19.07.13	142,85 	142,55 	144,90 	144,65 
18.07.13	144,70 	142,70 	145,95 	142,80 
17.07.13	142,70 	142,70 	145,00 	144,90 
16.07.13	139,60 	139,35 	142,70 	142,70 
15.07.13	138,90 	138,68 	140,35 	139,35 
12.07.13	135,35 	134,80 	139,70 	139,05 
11.07.13	135,50 	134,35 	136,45 	135,60 
10.07.13	136,50 	133,55 	136,53 	135,30 
09.07.13	135,50 	135,50 	137,30 	136,05 
08.07.13	134,50 	132,85 	135,35 	135,35 
05.07.13	133,25 	132,85 	134,70 	134,50 
04.07.13	133,25 	133,25 	133,25 	133,25 
03.07.13	132,75 	132,25 	134,85 	133,60 
02.07.13	129,90 	129,20 	133,95 	133,00 
01.07.13	128,95 	128,50 	130,40 	129,90 
28.06.13	128,05 	128,05 	131,20 	129,00 
27.06.13	128,50 	126,80 	129,15 	127,75 
26.06.13	134,35 	124,90 	134,60 	128,50 
25.06.13	140,25 	133,90 	141,03 	134,25 
24.06.13	142,30 	140,05 	143,25 	140,10 
21.06.13	142,80 	140,70 	143,75 	142,20 
20.06.13	143,95 	142,80 	146,75 	143,90 
19.06.13	145,60 	142,80 	145,75 	144,35 
18.06.13	146,55 	145,40 	148,30 	145,45 
17.06.13	147,00 	145,00 	148,20 	146,85 
14.06.13	145,25 	145,05 	147,75 	147,75 
13.06.13	148,80 	145,35 	148,80 	145,40 
12.06.13	152,00 	148,65 	153,05 	149,10 
11.06.13	152,20 	149,60 	152,25 	151,75 
10.06.13	150,70 	150,25 	153,83 	151,60 
07.06.13	149,10 	149,00 	152,25 	150,55 
06.06.13	151,05 	148,15 	152,75 	149,50 
05.06.13	153,10 	149,15 	154,17 	150,45 
04.06.13	150,85 	150,05 	153,55 	153,05 
03.06.13	149,60 	149,00 	151,45 	151,35 
31.05.13	153,75 	148,65 	155,00 	149,95 
30.05.13	154,50 	151,85 	155,65 	153,80 
29.05.13	148,55 	148,55 	154,40 	154,10 
28.05.13	147,70 	147,15 	149,80 	148,55 
27.05.13	147,70 	147,70 	147,70 	147,70 
24.05.13	148,50 	145,85 	148,78 	147,70 
23.05.13	145,50 	145,40 	149,80 	148,60 
22.05.13	142,75 	141,85 	146,70 	146,45 
21.05.13	143,80 	142,40 	144,63 	142,75 
20.05.13	142,55 	139,35 	143,85 	143,80 
17.05.13	144,95 	139,85 	144,95 	142,50 
16.05.13	147,00 	141,00 	147,10 	143,85 
15.05.13	148,80 	145,55 	148,80 	147,00 
14.05.13	147,50 	147,40 	149,10 	148,80 
13.05.13	143,75 	143,75 	149,10 	147,55 
10.05.13	143,80 	142,40 	146,90 	143,35 
09.05.13	144,00 	141,25 	144,50 	142,45 
08.05.13	140,00 	139,60 	144,00 	143,95 
07.05.13	140,10 	137,90 	141,37 	140,20 
06.05.13	143,90 	140,00 	145,20 	140,00 
03.05.13	142,80 	141,95 	144,25 	144,20 
02.05.13	140,45 	139,00 	143,40 	143,25 
30.04.13	142,15 	140,20 	147,50 	142,00 
29.04.13	139,80 	139,80 	144,50 	142,70 
26.04.13	143,05 	138,70 	143,05 	140,25 
25.04.13	143,70 	142,20 	144,90 	143,05 
24.04.13	142,45 	141,03 	146,20 	143,50 
23.04.13	143,30 	140,65 	143,30 	141,50 
22.04.13	147,35 	142,75 	147,35 	143,20 
19.04.13	147,10 	145,90 	148,20 	147,80 
18.04.13	147,20 	143,55 	148,50 	147,10 
17.04.13	147,45 	144,80 	149,50 	147,50 
16.04.13	148,00 	145,50 	148,30 	147,90 
15.04.13	144,00 	144,00 	153,00 	148,55 
12.04.13	142,00 	140,72 	144,30 	144,30 
11.04.13	146,25 	141,80 	146,25 	143,30 
10.04.13	146,65 	145,00 	151,20 	146,25 
09.04.13	145,75 	145,20 	147,95 	146,85 
08.04.13	147,00 	145,20 	148,17 	145,20 
05.04.13	141,00 	140,20 	146,30 	146,20 
04.04.13	139,25 	137,25 	141,85 	141,70 
03.04.13	137,40 	135,55 	139,45 	139,45 
02.04.13	135,95 	134,05 	140,40 	135,95 
28.03.13	137,20 	133,90 	138,20 	135,75 
27.03.13	139,10 	136,55 	139,10 	137,20 
26.03.13	139,50 	138,60 	140,00 	138,95 
25.03.13	138,65 	138,20 	140,00 	139,15 
22.03.13	137,15 	135,85 	139,75 	138,90 
21.03.13	135,40 	134,07 	138,70 	136,70 
20.03.13	139,75 	133,35 	140,15 	134,90 
19.03.13	138,95 	137,95 	139,85 	139,80 
18.03.13	138,45 	135,23 	139,30 	138,20 
15.03.13	137,55 	135,90 	139,70 	138,35 
14.03.13	137,70 	133,93 	138,10 	137,80 
13.03.13	138,35 	136,50 	140,23 	136,50 
12.03.13	135,55 	135,10 	138,75 	138,05 
11.03.13	133,10 	132,00 	137,40 	135,55 
08.03.13	124,15 	124,10 	134,55 	133,40 
07.03.13	122,35 	122,00 	124,65 	123,90 
06.03.13	124,00 	122,00 	124,10 	122,40 
05.03.13	123,35 	121,90 	124,05 	124,05 
04.03.13	121,00 	120,80 	125,80 	123,10 
01.03.13	127,10 	121,20 	127,45 	122,20 
28.02.13	125,95 	124,90 	128,20 	127,25 
27.02.13	128,40 	125,45 	128,55 	126,20 
26.02.13	129,80 	125,85 	130,40 	128,30 
25.02.13	129,90 	129,70 	131,25 	130,00 
22.02.13	128,95 	128,20 	131,65 	130,20 
21.02.13	126,25 	125,45 	129,45 	128,95 
20.02.13	125,00 	124,05 	126,65 	125,95 
19.02.13	129,00 	124,60 	130,05 	124,75 
18.02.13	129,00 	129,00 	129,00 	129,00 
15.02.13	130,50 	127,05 	132,00 	129,00 
14.02.13	129,75 	129,10 	131,10 	130,30 
13.02.13	128,15 	127,25 	130,00 	129,75 
12.02.13	120,80 	120,70 	128,30 	128,30 
11.02.13	120,80 	120,20 	122,00 	120,50 
08.02.13	121,00 	119,50 	125,25 	121,10 
07.02.13	119,90 	119,38 	122,80 	121,00 
06.02.13	121,80 	119,55 	123,65 	120,45 
05.02.13	120,05 	120,05 	123,70 	121,75 
04.02.13	121,60 	119,95 	123,90 	119,95 
01.02.13	121,20 	120,45 	122,40 	121,60 
31.01.13	119,65 	119,30 	123,20 	120,15 
30.01.13	114,05 	114,05 	118,90 	118,80 
29.01.13	113,80 	113,80 	115,25 	114,10 
28.01.13	113,85 	113,40 	115,90 	114,10 
25.01.13	113,90 	112,85 	114,90 	113,50 
24.01.13	115,70 	113,05 	116,75 	113,95 
23.01.13	114,85 	114,80 	116,65 	115,35 
22.01.13	113,95 	113,95 	117,55 	115,45 
21.01.13	113,95 	113,95 	113,95 	113,95 
18.01.13	112,70 	112,70 	116,20 	113,95 
17.01.13	112,00 	111,70 	113,60 	112,85 
16.01.13	110,20 	109,90 	113,80 	112,15 
15.01.13	111,65 	110,00 	112,40 	110,00 
14.01.13	112,45 	110,95 	115,20 	111,65 
11.01.13	113,00 	111,90 	114,10 	112,45 
10.01.13	110,50 	110,50 	113,75 	113,30 
09.01.13	109,65 	109,10 	111,60 	110,95 
08.01.13	110,60 	109,20 	112,45 	109,50 
07.01.13	112,90 	110,50 	114,45 	110,55 
04.01.13	111,75 	110,65 	115,65 	112,90 
03.01.13	115,80 	111,45 	117,15 	111,50 
02.01.13	118,35 	114,10 	118,35 	116,00 
31.12.12	125,10 	119,55 	125,10 	119,60 
28.12.12	131,65 	128,25 	132,35 	128,25 
27.12.12	132,80 	130,60 	134,25 	132,75 
24.12.12	134,25 	132,35 	135,15 	133,40 
21.12.12	137,85 	133,20 	138,85 	133,55 
20.12.12	142,20 	137,60 	142,20 	138,00 
19.12.12	139,35 	139,20 	144,35 	141,85 
18.12.12	137,40 	137,20 	141,00 	138,40 
17.12.12	139,00 	134,60 	139,10 	137,25 
14.12.12	137,50 	135,40 	139,25 	139,25 
13.12.12	133,15 	132,90 	139,90 	137,80 
12.12.12	129,90 	129,90 	138,25 	132,95 
11.12.12	125,45 	125,40 	132,85 	130,10 
10.12.12	125,45 	124,93 	126,90 	125,40 
07.12.12	125,20 	124,50 	127,00 	125,15 
06.12.12	125,00 	123,70 	125,70 	124,60 
05.12.12	123,40 	122,45 	126,10 	125,05 
04.12.12	122,70 	121,30 	124,45 	123,45 
03.12.12	123,40 	121,75 	126,75 	123,00 
30.11.12	124,10 	121,50 	124,90 	121,65 
29.11.12	123,75 	123,30 	126,70 	123,75 
28.11.12	125,00 	120,60 	125,40 	123,85 
27.11.12	127,70 	124,40 	129,10 	124,50 
26.11.12	126,00 	124,88 	129,20 	127,30 
23.11.12	123,75 	121,75 	126,80 	126,00 
22.11.12	123,75 	123,75 	123,75 	123,75 
21.11.12	122,20 	122,20 	126,60 	123,75 
20.11.12	115,95 	115,95 	123,20 	121,65 
19.11.12	117,55 	114,30 	117,75 	115,95 
16.11.12	116,50 	116,00 	119,35 	116,50 
15.11.12	113,40 	112,83 	117,50 	117,50 
14.11.12	109,15 	109,15 	113,55 	113,10 
13.11.12	107,80 	106,50 	109,80 	109,50 
12.11.12	107,45 	106,00 	107,87 	107,00 
09.11.12	108,20 	107,10 	109,35 	107,45 
08.11.12	108,40 	108,10 	110,42 	108,40 
07.11.12	109,95 	107,45 	110,80 	108,60 
06.11.12	107,20 	106,95 	110,15 	109,70 
05.11.12	106,50 	105,85 	107,85 	106,80 
02.11.12	106,00 	105,15 	106,95 	106,40 
01.11.12	107,35 	105,60 	111,60 	107,00 
31.10.12	107,50 	104,45 	107,50 	107,10 
30.10.12	107,90 	107,00 	109,25 	107,25 
29.10.12	111,60 	107,85 	112,85 	108,15 
26.10.12	112,70 	111,20 	113,40 	111,20 
25.10.12	110,90 	110,50 	114,30 	112,10 
24.10.12	111,20 	108,80 	111,20 	111,10 
23.10.12	112,10 	110,65 	113,30 	111,50 
22.10.12	112,60 	111,70 	113,20 	112,20 
19.10.12	114,05 	112,30 	115,05 	112,80 
18.10.12	116,40 	113,65 	116,85 	114,05 
17.10.12	112,55 	111,95 	117,00 	116,20 
16.10.12	112,25 	111,15 	113,40 	112,40 
15.10.12	112,50 	110,55 	112,80 	111,80 
12.10.12	113,00 	112,20 	114,15 	112,75 
11.10.12	110,85 	110,30 	118,10 	112,75 
10.10.12	112,00 	110,30 	112,80 	111,10 
09.10.12	112,60 	111,65 	114,03 	112,25 
08.10.12	114,75 	112,25 	115,00 	112,70 
05.10.12	115,85 	114,20 	116,25 	114,60 
04.10.12	115,30 	115,05 	116,50 	116,45 
03.10.12	116,25 	115,05 	116,50 	116,00 
02.10.12	113,50 	113,50 	116,73 	116,50 
01.10.12	112,85 	112,10 	114,60 	114,00 
28.09.12	114,65 	112,65 	115,30 	112,85 
27.09.12	113,00 	112,30 	116,35 	114,65 
26.09.12	114,65 	112,00 	115,20 	114,40 
25.09.12	118,00 	113,55 	118,63 	114,75 
24.09.12	124,70 	117,65 	124,70 	118,05 
21.09.12	125,70 	124,55 	126,60 	124,85 
20.09.12	126,00 	125,28 	127,80 	125,70 
19.09.12	126,50 	125,28 	128,00 	126,80 
18.09.12	129,20 	125,85 	129,20 	126,25 
17.09.12	132,65 	127,15 	132,65 	128,90 
14.09.12	129,30 	129,30 	132,65 	130,75 
13.09.12	126,45 	125,90 	129,65 	129,55 
12.09.12	124,70 	123,10 	127,75 	126,15 
11.09.12	126,60 	124,00 	128,00 	124,10 
07.09.12	126,20 	123,70 	128,00 	126,00 
06.09.12	125,75 	123,75 	126,45 	126,20 
05.09.12	120,45 	120,43 	126,80 	125,75 
04.09.12	118,65 	117,60 	121,43 	121,30 
03.09.12	118,65 	118,65 	118,65 	118,65 
31.08.12	118,20 	115,30 	120,85 	118,65 
30.08.12	117,50 	114,85 	118,20 	117,95 
29.08.12	114,00 	114,00 	118,55 	117,85 
28.08.12	113,95 	112,80 	114,75 	114,40 
27.08.12	119,05 	111,65 	119,05 	113,70 
24.08.12	119,30 	113,65 	119,30 	119,00 
23.08.12	121,95 	117,55 	121,95 	119,30 
22.08.12	119,75 	118,10 	122,50 	120,50 
21.08.12	112,10 	111,53 	115,50 	114,70 
20.08.12	108,30 	107,75 	112,30 	111,95 
17.08.12	109,20 	105,50 	109,20 	108,00 
16.08.12	125,30 	119,10 	130,75 	121,55 
15.08.12	115,80 	115,75 	125,30 	125,30 
14.08.12	114,30 	113,43 	116,25 	116,25 
13.08.12	112,00 	111,90 	114,90 	114,10 
10.08.12	113,85 	111,25 	115,95 	111,25 
09.08.12	113,50 	113,50 	116,55 	113,85 
08.08.12	112,50 	111,45 	114,65 	113,25 
07.08.12	111,00 	108,60 	113,20 	112,45 
06.08.12	112,20 	108,60 	113,30 	111,00 
03.08.12	108,60 	108,60 	113,65 	112,50 
02.08.12	108,45 	107,30 	115,45 	110,45 
01.08.12	109,20 	105,15 	109,90 	107,50 
31.07.12	112,30 	108,30 	112,65 	108,50 
30.07.12	109,50 	109,50 	116,75 	112,00 
27.07.12	109,95 	108,85 	110,30 	109,40 
26.07.12	109,80 	108,75 	111,75 	109,95 
25.07.12	109,70 	109,25 	113,15 	109,25 
24.07.12	109,50 	108,70 	113,20 	110,70 
23.07.12	109,95 	108,05 	110,40 	109,50 
20.07.12	112,50 	109,75 	112,50 	110,45 
19.07.12	116,05 	111,65 	118,12 	112,55 
18.07.12	118,20 	113,75 	119,30 	115,60 
17.07.12	117,65 	115,95 	118,25 	117,85 
16.07.12	123,50 	116,65 	123,50 	117,30 
13.07.12	125,65 	122,20 	125,65 	122,85 
12.07.12	125,65 	120,40 	125,65 	123,85 
11.07.12	128,65 	123,20 	129,30 	125,75 
10.07.12	129,10 	127,10 	131,20 	128,25 
09.07.12	128,60 	125,63 	129,25 	129,00 
06.07.12	125,90 	121,85 	129,05 	128,50 
05.07.12	120,85 	120,85 	128,00 	126,10 
04.07.12	120,85 	120,85 	120,85 	120,85 
03.07.12	117,70 	117,13 	122,70 	120,85 
02.07.12	120,85 	114,50 	124,50 	117,50 
29.06.12	114,35 	112,55 	118,80 	117,50 
28.06.12	113,10 	111,25 	116,45 	113,40 
27.06.12	111,25 	110,60 	114,90 	113,70 
26.06.12	115,20 	110,20 	115,20 	112,50 
25.06.12	116,50 	114,65 	117,60 	114,65 
22.06.12	115,90 	115,00 	116,95 	116,80 
21.06.12	117,40 	115,10 	117,80 	115,65 
20.06.12	115,20 	113,90 	118,50 	117,00 
19.06.12	109,35 	109,35 	115,30 	115,30 
18.06.12	109,60 	108,60 	112,50 	109,50 
15.06.12	109,50 	108,60 	112,00 	109,65 
14.06.12	110,00 	107,65 	112,48 	109,40 
13.06.12	110,00 	108,40 	114,85 	111,75 
12.06.12	114,50 	109,35 	115,00 	110,00 
11.06.12	112,75 	112,60 	114,55 	113,80 
08.06.12	115,05 	112,05 	115,50 	112,05 
07.06.12	117,95 	112,00 	118,70 	114,60 
06.06.12	115,50 	114,80 	118,40 	118,25 
05.06.12	111,50 	111,50 	116,55 	116,55 
04.06.12	109,65 	109,65 	111,90 	111,60 
01.06.12	111,00 	109,10 	112,50 	109,20 
31.05.12	109,20 	109,20 	114,15 	111,00 
30.05.12	112,30 	108,40 	112,88 	109,45 
29.05.12	109,25 	107,75 	117,25 	112,30 
28.05.12	109,25 	109,25 	109,25 	109,25 
25.05.12	109,40 	109,00 	111,98 	109,25 
24.05.12	103,00 	103,00 	111,75 	108,90 
23.05.12	108,50 	100,10 	108,90 	102,60 
22.05.12	106,45 	106,45 	110,10 	108,30 
21.05.12	103,10 	102,30 	110,25 	106,30 
18.05.12	104,25 	99,15 	107,40 	103,75 
17.05.12	112,75 	108,40 	113,65 	108,75 
16.05.12	113,30 	110,75 	114,15 	112,00 
15.05.12	116,70 	111,80 	119,05 	113,30 
14.05.12	121,95 	115,00 	123,80 	117,20 
11.05.12	120,65 	119,25 	123,20 	122,90 
10.05.12	116,90 	116,00 	124,25 	121,20 
09.05.12	115,50 	114,85 	121,80 	116,95 
08.05.12	118,60 	113,25 	121,05 	115,75 
07.05.12	123,90 	116,50 	124,43 	118,55 
04.05.12	128,55 	122,80 	128,55 	124,35 
03.05.12	130,65 	125,00 	132,70 	128,80 
02.05.12	133,50 	129,70 	134,90 	131,40 
30.04.12	146,95 	142,05 	148,28 	143,85 
27.04.12	145,50 	141,05 	148,60 	147,45 
26.04.12	146,75 	145,00 	147,85 	146,10 
25.04.12	142,00 	141,75 	146,85 	146,70 
24.04.12	141,25 	141,25 	144,90 	141,85 
23.04.12	150,50 	145,75 	150,72 	146,10 
20.04.12	147,75 	147,75 	152,05 	150,65 
19.04.12	145,50 	145,50 	149,65 	149,65 
18.04.12	146,40 	145,05 	148,80 	146,30 
16.04.12	146,25 	145,00 	150,10 	145,45 
13.04.12	147,15 	145,00 	147,50 	146,50 
12.04.12	140,85 	140,20 	146,70 	146,70 
11.04.12	145,60 	138,50 	147,77 	140,30 
10.04.12	152,25 	144,00 	152,40 	146,90 
05.04.12	160,85 	155,10 	161,28 	157,05 
04.04.12	161,80 	160,15 	163,25 	160,70 
03.04.12	162,25 	160,00 	162,63 	161,55 
02.04.12	163,65 	161,45 	164,60 	162,45 
30.03.12	166,95 	161,80 	167,45 	163,10 
29.03.12	166,85 	165,90 	167,95 	166,85 
28.03.12	167,90 	166,25 	168,85 	166,50 
27.03.12	168,30 	167,05 	170,25 	167,40 
26.03.12	168,55 	165,00 	169,00 	169,00 
23.03.12	167,00 	164,45 	169,20 	169,20 
22.03.12	168,70 	165,20 	168,70 	167,25 
21.03.12	176,80 	168,80 	176,80 	169,50 
20.03.12	184,00 	175,25 	184,00 	176,60 
19.03.12	187,00 	183,35 	187,00 	184,00 
16.03.12	187,95 	186,00 	189,70 	186,60 
15.03.12	187,60 	185,80 	187,95 	187,60 
14.03.12	186,25 	184,10 	187,90 	187,20 
13.03.12	185,25 	183,50 	187,00 	187,00 
12.03.12	188,60 	183,30 	188,60 	184,55 
09.03.12	190,10 	187,60 	190,10 	188,95 
08.03.12	188,70 	186,75 	190,80 	190,00 
07.03.12	189,00 	186,75 	191,15 	188,20 
06.03.12	190,55 	185,27 	193,28 	188,50 
05.03.12	191,00 	190,85 	196,80 	191,10 
02.03.12	187,55 	187,55 	193,50 	190,95 
01.03.12	185,30 	185,30 	187,55 	187,55 
29.02.12	183,75 	183,75 	188,00 	185,75 
28.02.12	181,15 	181,15 	184,40 	183,50 
27.02.12	183,15 	180,10 	185,53 	180,80 
24.02.12	184,00 	181,30 	186,45 	183,40 
23.02.12	180,10 	178,15 	185,25 	183,40 
22.02.12	181,00 	178,50 	183,50 	178,90 
21.02.12	180,05 	176,50 	182,20 	181,00 
20.02.12	180,05 	180,05 	180,05 	180,05 
17.02.12	178,70 	178,70 	185,55 	180,75 
16.02.12	179,25 	177,00 	179,80 	178,45 
15.02.12	177,30 	175,05 	187,20 	178,85 
14.02.12	177,45 	174,38 	177,45 	176,85 
13.02.12	178,25 	176,60 	182,83 	177,10 
10.02.12	183,05 	176,10 	183,48 	177,80 
09.02.12	184,90 	181,00 	187,00 	183,05 
08.02.12	190,80 	181,20 	190,80 	184,50 
07.02.12	195,35 	186,60 	195,35 	190,95 
06.02.12	194,40 	193,70 	198,00 	195,35 
03.02.12	197,50 	192,00 	197,85 	194,40 
02.02.12	198,00 	193,00 	199,85 	196,45 
01.02.12	202,70 	197,55 	205,07 	198,00 
31.01.12	202,45 	202,25 	204,50 	202,70 
30.01.12	201,55 	198,70 	206,10 	202,55 
27.01.12	199,50 	196,30 	203,55 	201,55 
26.01.12	194,10 	187,52 	202,00 	198,50 
25.01.12	196,75 	191,68 	196,75 	193,40 
24.01.12	199,00 	191,52 	199,00 	196,70 
23.01.12	196,45 	196,00 	208,45 	199,00 
20.01.12	197,00 	197,00 	210,65 	210,65 
19.01.12	192,05 	192,05 	201,00 	198,20 
18.01.12	184,30 	184,30 	190,50 	190,50 
17.01.12	187,80 	183,50 	192,13 	184,40 
16.01.12	187,80 	187,80 	187,80 	187,80 
13.01.12	178,10 	178,10 	198,10 	187,80 
12.01.12	187,80 	178,10 	191,90 	178,10 
11.01.12	207,75 	187,75 	207,75 	187,90 
10.01.12	187,75 	187,75 	207,75 	207,75 
09.01.12	177,80 	177,38 	187,75 	187,75 
06.01.12	176,50 	176,50 	179,35 	178,00 
05.01.12	177,80 	176,00 	179,95 	177,70 
04.01.12	172,30 	170,65 	180,05 	177,85 
03.01.12	168,85 	168,85 	173,75 	170,00 
30.12.11	168,45 	167,20 	168,85 	168,85 
29.12.11	167,75 	167,05 	168,95 	168,25 
28.12.11	170,50 	166,20 	170,60 	167,00 
27.12.11	167,60 	167,60 	170,60 	170,60 
23.12.11	164,40 	163,30 	168,20 	167,60 
22.12.11	163,30 	162,75 	163,95 	163,95 
21.12.11	164,45 	162,65 	165,72 	163,15 
20.12.11	164,00 	163,00 	164,93 	164,55 
19.12.11	163,20 	163,20 	169,93 	164,20 
16.12.11	162,55 	162,00 	165,50 	163,50 
15.12.11	163,50 	161,50 	164,35 	162,55 
14.12.11	164,10 	162,05 	164,10 	163,65 
13.12.11	162,40 	160,75 	164,10 	164,10 
12.12.11	170,25 	164,50 	170,25 	166,80 
09.12.11	172,00 	169,55 	172,00 	170,00 
08.12.11	174,50 	172,00 	174,50 	172,40 
07.12.11	175,95 	174,05 	177,42 	175,90 
06.12.11	178,30 	175,65 	178,30 	176,05 
05.12.11	177,50 	177,38 	179,55 	178,60 
02.12.11	177,00 	175,30 	177,60 	177,60 
01.12.11	176,05 	176,05 	177,65 	177,55 
30.11.11	176,45 	175,60 	177,60 	176,40 
29.11.11	180,05 	176,15 	180,05 	176,50 
28.11.11	177,55 	176,05 	180,30 	180,30 
25.11.11	176,85 	175,50 	179,00 	177,75 
24.11.11	176,85 	176,85 	176,85 	176,85 
23.11.11	179,25 	175,00 	179,85 	176,85 
22.11.11	178,10 	178,10 	180,85 	179,65 
21.11.11	176,55 	176,55 	179,95 	178,30 
18.11.11	172,70 	171,60 	178,15 	176,15 
17.11.11	169,60 	168,95 	174,00 	172,75 
16.11.11	168,50 	167,90 	169,33 	169,30 
15.11.11	168,85 	167,35 	169,75 	168,30 
14.11.11	169,85 	167,70 	170,03 	168,80 
11.11.11	171,45 	168,75 	172,08 	169,85 
10.11.11	171,30 	168,90 	171,55 	171,55 
09.11.11	172,75 	170,70 	173,50 	171,50 
08.11.11	173,90 	172,85 	175,15 	173,00 
07.11.11	173,25 	171,08 	174,00 	174,00 
04.11.11	172,15 	172,15 	173,75 	173,00 
03.11.11	171,75 	171,60 	172,60 	172,25 
02.11.11	170,60 	170,50 	173,10 	171,45 
01.11.11	169,20 	166,65 	172,00 	170,75 
31.10.11	170,10 	167,00 	171,80 	168,90 
28.10.11	175,05 	170,00 	176,18 	170,50 
27.10.11	177,00 	172,85 	178,45 	175,15 
26.10.11	174,90 	172,25 	179,15 	177,00 
25.10.11	173,50 	173,50 	175,25 	173,95 
24.10.11	171,00 	171,00 	174,35 	174,10 
21.10.11	169,90 	169,00 	172,00 	170,70 
20.10.11	169,60 	165,90 	169,90 	169,90 
19.10.11	168,50 	167,08 	170,50 	168,70 
18.10.11	166,30 	162,70 	168,95 	168,15 
17.10.11	167,50 	167,50 	167,50 	167,50 
14.10.11	162,45 	162,45 	167,50 	167,20 
13.10.11	159,00 	159,00 	163,60 	161,55 
12.10.11	158,25 	156,00 	161,00 	159,20 
11.10.11	153,75 	153,75 	163,25 	158,25 
10.10.11	151,80 	151,80 	154,45 	153,80 
07.10.11	151,65 	150,80 	153,35 	151,80 
06.10.11	154,70 	153,15 	156,60 	154,80 
05.10.11	152,75 	152,45 	155,90 	153,50 
04.10.11	150,00 	149,10 	152,45 	151,90 
03.10.11	150,50 	148,95 	153,50 	150,20 
30.09.11	152,40 	150,00 	154,25 	150,85 
29.09.11	151,00 	150,70 	153,95 	152,30 
28.09.11	151,10 	149,65 	152,30 	151,15 
27.09.11	151,15 	150,00 	153,85 	151,15 
26.09.11	156,10 	148,50 	159,20 	151,75 
23.09.11	158,30 	155,05 	158,45 	156,00 
22.09.11	166,65 	158,00 	166,65 	158,00 
21.09.11	169,20 	166,20 	170,45 	166,50 
20.09.11	163,15 	163,15 	169,70 	169,70 
19.09.11	162,45 	162,45 	165,45 	163,50 
16.09.11	162,15 	161,05 	164,25 	162,60 
15.09.11	167,45 	162,10 	167,45 	162,30 
14.09.11	167,90 	166,60 	168,00 	167,70 
13.09.11	168,70 	165,80 	169,10 	167,70 
12.09.11	168,50 	166,05 	169,15 	168,20 
09.09.11	166,80 	163,45 	169,95 	168,00 
08.09.11	168,70 	166,80 	170,85 	167,25 
07.09.11	165,80 	165,33 	168,70 	168,60 
06.09.11	160,40 	159,07 	166,20 	165,15 
05.09.11	160,40 	160,40 	160,40 	160,40 
02.09.11	160,55 	160,05 	161,30 	160,40 
01.09.11	158,35 	157,60 	160,90 	160,55 
31.08.11	157,60 	156,45 	159,00 	158,95 
30.08.11	157,50 	155,65 	158,95 	156,80 
29.08.11	161,60 	156,85 	162,35 	157,50 
26.08.11	161,10 	158,55 	161,50 	161,50 
25.08.11	160,40 	160,00 	162,85 	161,00 
24.08.11	162,95 	159,65 	162,95 	160,05 
23.08.11	165,25 	162,45 	165,25 	162,95 
22.08.11	165,35 	162,00 	167,93 	164,95 
19.08.11	164,15 	163,17 	165,35 	165,25 
18.08.11	163,85 	161,00 	165,00 	164,05 
17.08.11	163,00 	163,00 	166,25 	164,30 
16.08.11	162,40 	162,25 	167,00 	162,60 
15.08.11	160,00 	160,00 	164,10 	162,00 
12.08.11	157,00 	154,77 	160,65 	160,65 
11.08.11	152,75 	152,75 	157,70 	156,90 
10.08.11	168,75 	162,00 	168,80 	162,45 
09.08.11	173,70 	168,25 	177,00 	168,55 
08.08.11	182,45 	171,70 	182,45 	172,70 
05.08.11	190,95 	180,50 	190,95 	182,95 
04.08.11	198,45 	190,00 	198,45 	190,60 
03.08.11	202,00 	197,45 	202,07 	198,00 
02.08.11	201,45 	200,10 	202,05 	202,05 
01.08.11	200,10 	199,90 	201,75 	200,50 
29.07.11	198,90 	198,90 	200,65 	200,65 
28.07.11	198,80 	198,65 	201,00 	198,95 
27.07.11	198,90 	198,45 	200,50 	199,00 
26.07.11	198,60 	198,40 	199,00 	198,90 
25.07.11	197,35 	196,90 	199,00 	198,60 
22.07.11	197,50 	196,17 	198,20 	197,50 
21.07.11	200,10 	197,00 	200,90 	197,10 
20.07.11	201,30 	197,85 	202,08 	200,00 
19.07.11	197,50 	196,90 	202,45 	201,45 
18.07.11	197,10 	196,30 	198,60 	197,45 
15.07.11	195,85 	192,80 	197,50 	197,40 
14.07.11	191,90 	191,12 	196,50 	195,85 
13.07.11	190,05 	189,48 	191,90 	191,90 
12.07.11	186,90 	185,08 	190,85 	190,85 
11.07.11	191,80 	186,55 	191,80 	187,00 
08.07.11	190,50 	190,20 	192,00 	191,50 
07.07.11	188,35 	188,35 	191,00 	190,55 
06.07.11	187,35 	185,10 	190,00 	188,50 
05.07.11	186,95 	185,75 	188,08 	187,45 
04.07.11	186,95 	186,95 	186,95 	186,95 
01.07.11	187,40 	186,30 	188,53 	186,95 
30.06.11	187,45 	185,65 	187,50 	187,20 
29.06.11	188,85 	186,00 	188,85 	187,40 
28.06.11	191,45 	188,35 	191,60 	188,65 
27.06.11	191,50 	185,73 	191,50 	191,45 
24.06.11	187,00 	187,00 	192,95 	190,60 
23.06.11	188,35 	186,35 	189,83 	187,00 
22.06.11	189,55 	187,55 	190,23 	188,65 
21.06.11	182,75 	180,85 	190,05 	189,80 
20.06.11	178,80 	177,25 	183,15 	182,80 
17.06.11	177,70 	176,15 	178,90 	178,00 
16.06.11	183,35 	178,30 	183,35 	181,05 
15.06.11	185,10 	183,10 	186,23 	183,80 
14.06.11	182,95 	182,70 	186,45 	185,65 
13.06.11	184,70 	182,70 	184,75 	183,45 
10.06.11	184,00 	183,25 	185,20 	184,95 
09.06.11	181,75 	181,75 	184,00 	184,00 
08.06.11	183,70 	181,50 	184,15 	181,85 
07.06.11	186,05 	183,75 	186,85 	183,75 
06.06.11	183,40 	183,00 	186,70 	186,25 
03.06.11	184,00 	182,15 	184,60 	183,95 
02.06.11	182,50 	182,50 	184,50 	183,50 
01.06.11	182,70 	181,35 	183,30 	183,30 
31.05.11	186,05 	180,15 	186,05 	182,50 
30.05.11	186,05 	186,05 	186,05 	186,05 
27.05.11	184,40 	184,40 	186,95 	186,05 
26.05.11	187,00 	182,30 	187,00 	184,55 
25.05.11	182,50 	182,10 	187,70 	186,20 
24.05.11	181,80 	179,82 	182,80 	182,65 
23.05.11	181,95 	177,30 	182,25 	182,25 
20.05.11	184,20 	179,00 	184,20 	182,10 
19.05.11	180,20 	180,20 	185,25 	182,90 
18.05.11	182,20 	180,00 	183,35 	180,85 
17.05.11	181,15 	180,70 	185,48 	181,80 
16.05.11	182,10 	179,45 	182,85 	181,05 
13.05.11	177,70 	177,70 	183,80 	182,60 
12.05.11	172,00 	171,65 	178,00 	176,95 
11.05.11	172,00 	170,85 	174,53 	171,60 
10.05.11	167,25 	167,05 	174,80 	174,80 
09.05.11	167,60 	166,25 	168,15 	167,45 
06.05.11	171,60 	167,05 	171,65 	167,55 
05.05.11	172,05 	170,55 	172,05 	171,80 
04.05.11	172,25 	167,23 	172,60 	172,50 
03.05.11	169,00 	169,00 	172,95 	172,20 
02.05.11	169,50 	168,70 	172,25 	168,80 
29.04.11	167,55 	167,05 	169,65 	169,65 
28.04.11	166,00 	164,30 	169,95 	167,45 
27.04.11	165,40 	165,00 	166,50 	166,00 
26.04.11	165,65 	164,60 	166,45 	165,50 
21.04.11	169,15 	166,00 	170,90 	167,10 
20.04.11	168,05 	168,05 	171,05 	169,50 
19.04.11	166,70 	165,88 	168,40 	167,95 
18.04.11	166,40 	164,83 	167,43 	166,65 
15.04.11	166,20 	166,20 	169,00 	166,35 
14.04.11	168,20 	166,35 	170,90 	170,50 
13.04.11	168,55 	165,65 	168,77 	168,05 
12.04.11	169,95 	167,80 	169,95 	168,25 
11.04.11	167,00 	166,00 	171,80 	169,95 
08.04.11	165,00 	163,60 	167,00 	167,00 
07.04.11	163,85 	163,85 	165,70 	165,10 
06.04.11	165,40 	163,50 	166,33 	164,05 
05.04.11	165,50 	165,05 	166,50 	165,75 
04.04.11	162,80 	162,65 	165,70 	165,70 
01.04.11	162,50 	162,40 	164,10 	163,50 
31.03.11	161,50 	161,50 	164,00 	162,35 
30.03.11	160,60 	159,20 	161,55 	161,35 
29.03.11	162,35 	160,40 	163,17 	160,40 
28.03.11	161,90 	159,55 	163,95 	162,35 
25.03.11	161,70 	161,60 	163,10 	161,60 
24.03.11	160,45 	160,00 	162,50 	162,50 
23.03.11	158,05 	157,35 	160,50 	159,85 
22.03.11	157,95 	153,20 	158,50 	158,30 
21.03.11	163,90 	157,70 	167,00 	157,95 
18.03.11	164,90 	163,30 	165,25 	163,50 
17.03.11	166,10 	162,80 	166,45 	165,15 
16.03.11	167,05 	165,50 	167,05 	165,75 
15.03.11	169,60 	167,00 	169,60 	167,00 
14.03.11	168,00 	167,05 	170,05 	169,55 
11.03.11	170,00 	167,15 	170,00 	168,00 
10.03.11	173,80 	166,80 	175,00 	170,00 
09.03.11	177,00 	172,90 	177,75 	173,80 
08.03.11	174,50 	174,50 	178,45 	176,05 
07.03.11	173,10 	172,78 	176,40 	174,80 
04.03.11	174,50 	172,95 	174,78 	173,25 
03.03.11	175,95 	172,40 	177,42 	174,25 
02.03.11	175,30 	175,30 	177,90 	175,95 
01.03.11	175,10 	174,15 	176,20 	176,05 
28.02.11	179,50 	173,50 	179,67 	174,90 
25.02.11	179,40 	177,10 	180,25 	179,50 
24.02.11	175,20 	175,20 	182,00 	180,00 
23.02.11	175,95 	174,85 	176,25 	175,35 
22.02.11	173,65 	172,75 	177,00 	176,90 
21.02.11	173,65 	173,65 	173,65 	173,65 
18.02.11	170,70 	170,70 	174,25 	172,75 
17.02.11	171,25 	169,50 	172,25 	171,85 
16.02.11	166,55 	166,50 	172,25 	171,20 
15.02.11	166,65 	165,60 	166,75 	166,45 
14.02.11	164,85 	164,85 	168,10 	166,30 
11.02.11	164,45 	161,60 	165,20 	165,20 
10.02.11	168,10 	164,80 	169,28 	165,20 
09.02.11	171,00 	166,50 	171,85 	168,00 
08.02.11	172,00 	169,70 	172,00 	170,95 
07.02.11	173,35 	172,25 	175,50 	172,30 
04.02.11	172,63 	171,00 	173,30 	173,30 
03.02.11	170,20 	169,50 	173,10 	172,40 
02.02.11	169,65 	169,60 	173,50 	170,10 
01.02.11	168,75 	167,40 	170,20 	169,35 
31.01.11	165,55 	164,05 	168,95 	168,60 
28.01.11	167,10 	165,40 	167,40 	165,55 
27.01.11	167,35 	166,10 	167,35 	166,95 
26.01.11	171,35 	166,95 	171,35 	167,35 
25.01.11	170,80 	169,35 	171,35 	171,35 
24.01.11	173,90 	169,15 	174,50 	170,80 
21.01.11	176,95 	173,00 	176,95 	174,10 
20.01.11	175,10 	172,15 	176,75 	176,75 
19.01.11	175,00 	174,25 	176,50 	175,05 
18.01.11	171,60 	171,60 	175,95 	175,30 
17.01.11	171,60 	171,60 	171,60 	171,60 
14.01.11	172,45 	171,60 	174,70 	171,60 
13.01.11	176,70 	171,85 	176,70 	172,50 
12.01.11	178,85 	176,10 	179,50 	176,10 
11.01.11	178,70 	177,20 	179,60 	179,00 
10.01.11	177,60 	174,58 	179,00 	178,40 
07.01.11	177,65 	174,90 	180,60 	177,35 
06.01.11	173,45 	172,70 	178,35 	177,60 
05.01.11	169,75 	166,75 	173,75 	173,75 
04.01.11	173,30 	168,80 	180,80 	169,70 
03.01.11	166,50 	164,43 	173,55 	173,45 
31.12.10	166,00 	162,10 	168,70 	166,65 
30.12.10	164,40 	161,05 	164,93 	162,60 
29.12.10	162,50 	162,50 	167,10 	164,25 
28.12.10	169,25 	161,50 	169,25 	162,45 
27.12.10	163,30 	162,70 	169,80 	169,50 
23.12.10	163,45 	162,35 	165,00 	163,45 
22.12.10	161,00 	159,25 	163,25 	163,25 
21.12.10	160,80 	156,75 	161,00 	161,00 
20.12.10	157,30 	157,00 	167,40 	160,20 
17.12.10	156,95 	156,70 	157,95 	157,45 
16.12.10	156,85 	156,50 	158,15 	157,00 
15.12.10	159,50 	154,35 	159,50 	156,80 
14.12.10	170,20 	159,25 	170,20 	159,25 
13.12.10	160,95 	160,95 	170,80 	170,10 
10.12.10	163,05 	160,55 	163,42 	161,05 
09.12.10	171,00 	162,50 	171,00 	162,75 
08.12.10	161,60 	159,25 	167,25 	166,80 
07.12.10	164,50 	159,60 	164,50 	161,00 
03.12.10	156,00 	155,70 	157,40 	157,10 
02.12.10	154,25 	152,82 	157,00 	155,40 
01.12.10	149,50 	149,20 	155,00 	155,00 
30.11.10	150,35 	149,75 	151,33 	149,75 
29.11.10	151,50 	149,40 	153,90 	150,60 
26.11.10	152,35 	151,35 	153,05 	151,50 
25.11.10	152,35 	152,35 	152,35 	152,35 
24.11.10	152,05 	150,30 	152,95 	152,35 
23.11.10	154,20 	151,85 	155,80 	152,30 
22.11.10	151,40 	150,60 	154,35 	154,35 
19.11.10	152,35 	151,30 	152,88 	151,30 
18.11.10	151,75 	151,20 	152,93 	152,85 
17.11.10	153,00 	151,15 	153,15 	151,50 
16.11.10	156,85 	151,55 	157,50 	152,90 
15.11.10	155,50 	154,25 	158,15 	157,00 
12.11.10	155,90 	152,20 	156,25 	155,50 
11.11.10	156,70 	155,25 	157,85 	156,20 
10.11.10	160,80 	155,35 	161,22 	156,50 
09.11.10	154,90 	154,88 	161,50 	160,80 
08.11.10	156,60 	153,30 	156,60 	154,90 
05.11.10	161,00 	156,20 	161,00 	156,50 
04.11.10	162,50 	157,35 	164,30 	161,00 
03.11.10	162,10 	161,85 	164,25 	162,50 
02.11.10	157,15 	157,15 	163,25 	162,10 
01.11.10	157,30 	156,05 	158,95 	157,15 
29.10.10	155,20 	154,30 	157,70 	156,95 
28.10.10	151,00 	150,15 	155,90 	155,05 
27.10.10	149,40 	149,22 	152,50 	151,05 
26.10.10	149,45 	148,00 	151,35 	149,40 
25.10.10	147,90 	147,17 	150,40 	149,05 
22.10.10	146,00 	145,75 	151,50 	147,30 
21.10.10	147,95 	145,75 	149,65 	145,80 
20.10.10	150,50 	147,65 	151,65 	147,95 
19.10.10	149,00 	147,75 	153,20 	150,80 
18.10.10	148,05 	146,20 	149,50 	149,05 
15.10.10	145,45 	144,05 	149,05 	148,15 
14.10.10	150,55 	142,95 	150,88 	145,00 
13.10.10	153,00 	149,10 	154,42 	150,65 
12.10.10	150,10 	149,75 	153,40 	151,00 
11.10.10	154,00 	149,50 	154,00 	150,65 
08.10.10	152,00 	149,45 	156,10 	153,50 
07.10.10	150,65 	149,25 	152,95 	152,00 
06.10.10	158,60 	148,80 	159,87 	149,85 
05.10.10	154,55 	154,38 	163,85 	159,10 
04.10.10	155,40 	153,55 	155,58 	154,00 
01.10.10	157,00 	154,75 	157,70 	155,40 
30.09.10	151,80 	150,65 	157,00 	157,00 
29.09.10	155,30 	148,65 	155,43 	152,65 
28.09.10	158,05 	155,05 	159,40 	155,60 
27.09.10	158,10 	156,50 	159,35 	158,05 
24.09.10	157,20 	154,50 	158,50 	157,80 
23.09.10	162,90 	155,25 	163,65 	157,50 
22.09.10	159,60 	159,60 	165,65 	162,40 
21.09.10	151,00 	150,75 	160,30 	159,65 
20.09.10	150,15 	149,00 	150,90 	150,90 
17.09.10	148,10 	145,90 	149,85 	149,45 
16.09.10	147,75 	147,10 	148,60 	148,25 
15.09.10	145,80 	145,55 	148,15 	148,10 
14.09.10	145,55 	144,35 	147,10 	146,10 
13.09.10	144,70 	143,83 	146,85 	145,65 
10.09.10	145,70 	144,50 	145,95 	144,65 
09.09.10	138,00 	137,75 	145,90 	145,90 
08.09.10	137,60 	137,30 	138,38 	137,55 
07.09.10	136,75 	136,18 	138,10 	138,05 
06.09.10	136,75 	136,75 	136,75 	136,75 
03.09.10	140,35 	135,65 	141,75 	136,75 
02.09.10	140,95 	139,27 	141,45 	140,30 
01.09.10	138,70 	138,70 	142,00 	141,50 
31.08.10	139,90 	138,70 	140,28 	138,70 
30.08.10	136,20 	136,13 	140,50 	139,95 
27.08.10	137,20 	136,20 	138,70 	136,20 
26.08.10	138,80 	136,25 	139,80 	137,05 
25.08.10	138,85 	137,90 	139,95 	138,80 
24.08.10	136,25 	135,30 	140,45 	139,20 
23.08.10	136,50 	135,55 	137,33 	136,40 
20.08.10	136,45 	136,10 	137,50 	136,60 
19.08.10	137,45 	136,15 	138,25 	136,45 
18.08.10	139,00 	137,45 	139,65 	137,60 
17.08.10	138,05 	135,50 	139,35 	139,05 
16.08.10	140,00 	136,35 	140,23 	136,85 
13.08.10	140,20 	138,50 	140,43 	140,00 
12.08.10	140,10 	138,00 	140,80 	140,20 
11.08.10	139,00 	136,25 	139,00 	137,95 
10.08.10	143,90 	138,65 	143,90 	138,65 
09.08.10	143,65 	143,08 	145,25 	144,10 
06.08.10	146,00 	143,50 	146,00 	143,50 
05.08.10	144,75 	144,48 	146,05 	145,95 
04.08.10	147,70 	144,05 	148,32 	144,75 
03.08.10	147,70 	147,45 	149,50 	147,45 
02.08.10	146,60 	145,95 	148,55 	148,40 
30.07.10	146,30 	144,30 	146,65 	146,60 
29.07.10	145,40 	144,90 	146,20 	146,15 
28.07.10	146,50 	144,75 	147,00 	145,55 
27.07.10	146,00 	145,55 	147,70 	146,85 
26.07.10	145,20 	144,05 	146,80 	146,80 
23.07.10	143,80 	143,80 	145,70 	144,90 
22.07.10	142,90 	141,00 	144,35 	143,85 
21.07.10	141,95 	141,90 	143,40 	142,90 
20.07.10	141,60 	141,18 	142,45 	141,95 
19.07.10	139,85 	138,68 	142,35 	141,40 
16.07.10	136,60 	135,50 	140,90 	139,85 
15.07.10	138,10 	136,75 	139,85 	137,00 
14.07.10	141,60 	137,80 	142,85 	138,20 
13.07.10	138,20 	137,90 	142,20 	141,90 
12.07.10	137,55 	136,25 	139,55 	138,40 
09.07.10	137,25 	136,68 	140,05 	137,25 
08.07.10	145,25 	137,30 	145,33 	137,80 
07.07.10	146,50 	144,70 	147,03 	146,00 
06.07.10	150,30 	144,00 	151,10 	146,60 
05.07.10	150,30 	150,30 	150,30 	150,30 
02.07.10	148,50 	148,30 	151,60 	150,30 
01.07.10	148,30 	147,60 	151,45 	148,50 
30.06.10	142,60 	142,45 	148,60 	148,60 
29.06.10	142,95 	140,90 	144,15 	142,80 
28.06.10	142,20 	141,40 	143,70 	142,80 
25.06.10	141,45 	140,55 	143,35 	143,00 
24.06.10	142,95 	140,05 	142,95 	141,45 
23.06.10	142,40 	141,45 	143,95 	142,25 
22.06.10	141,95 	141,70 	143,60 	142,05 
21.06.10	144,50 	141,60 	145,60 	141,85 
18.06.10	144,10 	143,90 	146,50 	144,85 
17.06.10	144,15 	144,05 	145,75 	144,50 
16.06.10	143,60 	141,50 	143,60 	142,75 
15.06.10	143,05 	142,30 	143,70 	143,50 
14.06.10	141,00 	141,00 	145,00 	143,05 
11.06.10	140,45 	140,25 	143,05 	141,25 
10.06.10	138,00 	137,00 	140,65 	140,45 
09.06.10	138,30 	137,60 	138,68 	137,90 
08.06.10	136,35 	135,68 	139,95 	138,45 
07.06.10	135,95 	134,00 	138,00 	136,40 
04.06.10	139,45 	136,80 	139,45 	136,80 
03.06.10	140,00 	138,55 	140,00 	138,55 
02.06.10	139,05 	138,33 	140,90 	140,00 
01.06.10	142,50 	136,90 	142,50 	139,50 
31.05.10	142,50 	142,50 	142,50 	142,50 
28.05.10	142,00 	141,65 	144,20 	142,50 
27.05.10	140,25 	139,25 	142,00 	142,00 
26.05.10	138,80 	138,15 	140,50 	140,20 
25.05.10	143,40 	138,75 	143,40 	138,80 
24.05.10	146,95 	142,05 	146,95 	144,10 
21.05.10	144,90 	144,78 	147,00 	146,95 
20.05.10	145,50 	144,50 	146,95 	144,50 
19.05.10	143,95 	143,60 	147,40 	145,60 
18.05.10	141,80 	141,80 	144,55 	144,45 
17.05.10	142,40 	141,95 	144,00 	142,00 
14.05.10	143,15 	141,45 	144,80 	143,00 
13.05.10	140,90 	140,90 	143,25 	143,00 
12.05.10	141,50 	140,50 	142,53 	140,90 
11.05.10	138,45 	138,20 	142,15 	141,95 
10.05.10	136,15 	136,15 	140,23 	137,65 
07.05.10	135,25 	135,08 	137,30 	136,00 
06.05.10	136,15 	135,15 	136,15 	135,25 
05.05.10	137,45 	135,65 	137,75 	136,40 
04.05.10	137,85 	137,05 	138,25 	137,75 
03.05.10	138,25 	136,75 	138,45 	137,70 
30.04.10	137,20 	136,45 	138,45 	138,45 
29.04.10	136,70 	136,70 	138,45 	137,20 
28.04.10	136,25 	135,73 	138,00 	136,75 
27.04.10	136,50 	135,10 	137,00 	136,30 
26.04.10	136,75 	136,45 	137,25 	136,50 
23.04.10	136,90 	133,60 	137,13 	136,70 
22.04.10	138,60 	135,20 	139,33 	136,25 
21.04.10	138,05 	137,95 	139,25 	138,95 
20.04.10	135,35 	134,85 	138,75 	137,70 
19.04.10	133,00 	132,58 	135,50 	135,30 
16.04.10	130,95 	129,95 	131,85 	129,95 
15.04.10	130,90 	130,45 	131,50 	130,85 
14.04.10	130,25 	130,25 	132,25 	130,90 
13.04.10	129,85 	129,85 	133,05 	130,45 
12.04.10	129,90 	129,20 	130,15 	129,95 
09.04.10	127,45 	126,75 	130,00 	129,90 
08.04.10	130,25 	126,70 	131,05 	127,00 
07.04.10	133,55 	129,65 	133,55 	130,60 
06.04.10	136,10 	130,60 	136,45 	133,45 
01.04.10	135,50 	134,80 	135,75 	135,45 
31.03.10	135,45 	135,05 	135,85 	135,50 
30.03.10	135,30 	135,05 	136,05 	135,45 
29.03.10	136,10 	134,30 	137,95 	135,00 
26.03.10	141,10 	136,05 	141,10 	136,05 
25.03.10	141,55 	140,80 	142,65 	141,40 
24.03.10	142,50 	138,70 	142,50 	141,70 
23.03.10	144,30 	141,60 	145,10 	142,70 
22.03.10	146,15 	143,35 	146,15 	144,50 
19.03.10	144,60 	143,35 	146,50 	146,00 
18.03.10	147,70 	142,25 	148,00 	144,50 
17.03.10	150,35 	147,40 	150,35 	147,40 
16.03.10	151,00 	149,75 	151,00 	150,25 
15.03.10	151,90 	148,15 	151,90 	150,70 
12.03.10	150,50 	150,50 	152,55 	152,00 
11.03.10	147,15 	147,15 	150,95 	150,95 
10.03.10	146,80 	145,40 	147,05 	146,75 
09.03.10	149,20 	146,30 	149,20 	147,25 
08.03.10	149,80 	148,40 	152,82 	149,20 
05.03.10	149,60 	148,72 	149,85 	149,45 
04.03.10	148,15 	148,15 	150,00 	149,50 
03.03.10	148,85 	148,20 	150,65 	148,20 
02.03.10	147,90 	147,50 	149,00 	149,00 
01.03.10	143,30 	143,30 	149,25 	148,00 
26.02.10	141,70 	140,70 	143,80 	143,80 
25.02.10	141,15 	141,05 	142,60 	141,30 
24.02.10	142,20 	141,10 	143,75 	141,15 
23.02.10	140,25 	138,80 	142,05 	142,05 
22.02.10	140,35 	139,75 	141,55 	139,90 
19.02.10	141,75 	138,80 	141,93 	139,50 
18.02.10	141,35 	140,30 	142,35 	140,95 
17.02.10	142,10 	141,00 	142,65 	141,00 
16.02.10	139,20 	139,05 	142,70 	141,60 
15.02.10	139,20 	139,20 	139,20 	139,20 
12.02.10	133,90 	133,90 	135,60 	135,60 
11.02.10	136,60 	133,40 	137,28 	133,65 
10.02.10	137,50 	136,25 	139,20 	137,10 
09.02.10	134,00 	133,05 	141,80 	137,50 
08.02.10	133,80 	133,53 	137,30 	134,00 
05.02.10	137,50 	133,40 	138,80 	135,95 
04.02.10	139,70 	137,15 	140,15 	137,55 
03.02.10	139,55 	137,55 	140,30 	139,95 
02.02.10	137,50 	137,33 	140,40 	138,90 
01.02.10	135,75 	134,58 	138,50 	137,10 
29.01.10	142,75 	135,55 	144,15 	135,80 
28.01.10	145,50 	142,70 	147,60 	142,70 
27.01.10	143,40 	142,98 	147,00 	145,60 
26.01.10	142,05 	140,80 	143,80 	143,45 
25.01.10	138,30 	137,95 	144,15 	142,00 
22.01.10	136,10 	136,10 	138,90 	138,30 
21.01.10	134,90 	134,90 	140,05 	136,95 
20.01.10	133,50 	132,38 	136,50 	135,65 
19.01.10	130,20 	129,48 	133,70 	133,25 
18.01.10	130,20 	130,20 	130,20 	130,20 
15.01.10	132,85 	131,25 	135,00 	131,70 
14.01.10	133,00 	132,70 	136,55 	132,70 
13.01.10	136,35 	132,40 	137,40 	132,90 
12.01.10	132,75 	132,35 	138,40 	136,10 
11.01.10	151,15 	131,70 	151,15 	133,10 
08.01.10	144,40 	144,40 	151,58 	150,90 
07.01.10	143,80 	137,90 	143,80 	140,30 
06.01.10	143,55 	141,50 	149,50 	144,40 
05.01.10	133,60 	133,60 	143,55 	143,55 
04.01.10	129,05 	129,05 	140,03 	133,55 
31.12.09	136,90 	129,15 	137,40 	130,00 
30.12.09	140,65 	136,55 	141,85 	136,70 
29.12.09	138,30 	137,05 	141,20 	140,60 
28.12.09	135,30 	134,05 	138,50 	137,80 
24.12.09	135,65 	135,65 	135,65 	135,65 
23.12.09	136,35 	133,05 	136,90 	136,35 
22.12.09	139,95 	132,05 	141,00 	136,30 
21.12.09	134,35 	133,58 	141,75 	139,10 
18.12.09	128,75 	128,50 	130,98 	130,15 
17.12.09	129,30 	126,90 	129,30 	129,00 
16.12.09	130,45 	127,55 	130,45 	129,30 
15.12.09	132,65 	130,10 	132,65 	130,10 
14.12.09	127,05 	126,45 	133,95 	133,00 
11.12.09	126,15 	124,85 	128,05 	126,75 
10.12.09	126,75 	124,50 	127,00 	126,25 
09.12.09	125,30 	124,93 	127,15 	126,95 
08.12.09	126,70 	125,15 	127,17 	125,60 
07.12.09	123,00 	121,38 	127,50 	126,45 
04.12.09	123,90 	122,50 	124,50 	123,10 
03.12.09	122,80 	121,15 	124,00 	124,00 
02.12.09	120,35 	120,00 	121,40 	121,20 
01.12.09	119,60 	119,15 	120,40 	120,40 
30.11.09	119,40 	116,80 	119,60 	119,60 
27.11.09	114,50 	113,15 	117,25 	117,00 
26.11.09	114,50 	114,50 	114,50 	114,50 
25.11.09	112,15 	112,03 	114,55 	114,45 
24.11.09	111,95 	110,85 	113,05 	112,05 
23.11.09	113,25 	111,80 	114,60 	111,85 
20.11.09	113,60 	111,90 	114,30 	113,00 
19.11.09	112,80 	112,80 	114,85 	113,40 
18.11.09	112,65 	111,22 	113,65 	112,55 
17.11.09	112,90 	111,70 	114,85 	112,40 
16.11.09	115,75 	112,75 	115,75 	112,75 
13.11.09	117,20 	114,50 	118,78 	115,60 
12.11.09	116,10 	115,23 	117,35 	117,15 
11.11.09	115,50 	114,03 	116,30 	116,25 
10.11.09	116,00 	113,28 	116,65 	115,25 
09.11.09	116,20 	115,50 	116,75 	116,30 
06.11.09	115,65 	115,15 	116,70 	115,95 
05.11.09	115,15 	114,10 	115,75 	115,25 
04.11.09	111,80 	111,80 	115,60 	115,00 
03.11.09	110,85 	109,35 	112,95 	111,90 
02.11.09	115,80 	111,00 	116,03 	111,00 
30.10.09	117,55 	115,00 	117,68 	115,45 
29.10.09	115,65 	115,58 	118,15 	118,15 
28.10.09	117,00 	115,65 	117,20 	115,65 
27.10.09	114,90 	114,00 	118,40 	117,35 
26.10.09	114,70 	113,40 	116,30 	115,40 
23.10.09	117,25 	114,25 	117,25 	114,50 
22.10.09	120,70 	117,10 	120,70 	117,10 
21.10.09	120,00 	119,70 	121,60 	120,65 
20.10.09	118,65 	118,60 	120,20 	119,95 
19.10.09	118,15 	117,78 	119,70 	118,55 
16.10.09	112,75 	111,20 	116,60 	115,60 
15.10.09	112,30 	110,42 	112,65 	112,65 
14.10.09	112,50 	109,70 	112,80 	112,55 
13.10.09	111,65 	110,25 	112,85 	112,60 
12.10.09	108,65 	108,65 	113,20 	111,70 
09.10.09	97,75 	97,75 	108,65 	108,65 
08.10.09	94,50 	94,00 	98,60 	98,60 
07.10.09	93,75 	92,00 	94,40 	94,25 
06.10.09	93,95 	93,75 	94,90 	94,00 
05.10.09	93,00 	93,00 	95,00 	94,00 
02.10.09	92,10 	92,10 	93,70 	93,10 
01.10.09	91,55 	91,55 	93,25 	92,35 
30.09.09	91,90 	91,45 	93,80 	91,50 
29.09.09	90,85 	90,70 	91,85 	91,60 
28.09.09	90,80 	90,25 	91,90 	90,75 
25.09.09	91,55 	90,40 	91,55 	90,90 
24.09.09	96,40 	91,00 	96,40 	91,50 
23.09.09	98,85 	96,20 	99,75 	97,00 
22.09.09	99,65 	98,20 	101,80 	99,15 
21.09.09	103,80 	95,55 	103,80 	99,85 
18.09.09	102,90 	100,75 	104,30 	103,95 
17.09.09	98,00 	97,45 	103,45 	103,00 
16.09.09	95,20 	95,20 	99,30 	98,80 
15.09.09	90,00 	90,00 	95,25 	95,20 
14.09.09	90,00 	89,45 	90,00 	89,65 
11.09.09	89,45 	86,10 	90,20 	89,50 
10.09.09	90,35 	89,15 	91,00 	89,25 
09.09.09	91,20 	89,75 	92,00 	90,15 
08.09.09	91,80 	91,30 	93,45 	91,30 
07.09.09	91,80 	91,80 	91,80 	91,80 
04.09.09	91,90 	91,10 	92,38 	91,80 
03.09.09	93,90 	91,75 	94,20 	92,30 
02.09.09	94,65 	93,60 	95,00 	93,70 
01.09.09	94,45 	93,40 	96,78 	95,50 
31.08.09	94,30 	93,50 	94,60 	94,30 
28.08.09	94,80 	93,65 	94,80 	94,30 
27.08.09	95,95 	94,00 	96,25 	94,50 
26.08.09	97,45 	95,50 	97,80 	95,75 
25.08.09	99,15 	97,10 	99,95 	97,20 
24.08.09	98,65 	97,80 	103,80 	98,40 
21.08.09	98,45 	98,25 	100,78 	98,60 
20.08.09	98,55 	98,20 	101,43 	98,40 
19.08.09	98,50 	97,50 	98,85 	98,65 
18.08.09	101,30 	98,35 	101,30 	98,35 
17.08.09	100,85 	96,00 	103,10 	96,75 
14.08.09	109,35 	106,30 	110,33 	108,75 
13.08.09	110,00 	108,50 	111,58 	108,50 
12.08.09	110,60 	107,50 	112,15 	109,95 
11.08.09	107,60 	106,80 	111,50 	111,10 
10.08.09	101,80 	100,83 	104,50 	104,25 
07.08.09	99,80 	98,60 	102,50 	101,95 
06.08.09	97,60 	97,60 	100,75 	100,30 
05.08.09	92,40 	92,40 	97,65 	97,50 
04.08.09	90,90 	89,70 	92,95 	92,70 
03.08.09	91,65 	89,70 	91,65 	89,70 
31.07.09	92,70 	91,45 	92,95 	91,45 
30.07.09	91,60 	91,28 	93,65 	92,70 
29.07.09	94,50 	91,40 	94,50 	91,40 
28.07.09	96,25 	94,55 	96,25 	94,75 
27.07.09	96,10 	95,10 	96,35 	95,85 
24.07.09	95,75 	94,00 	96,75 	96,40 
23.07.09	97,85 	94,55 	97,85 	95,80 
22.07.09	101,65 	96,85 	101,65 	98,95 
21.07.09	103,40 	100,30 	103,40 	101,35 
20.07.09	103,90 	101,73 	104,15 	103,60 
17.07.09	101,40 	101,13 	104,85 	104,10 
16.07.09	102,70 	99,35 	102,70 	101,50 
15.07.09	98,25 	97,95 	102,95 	102,70 
14.07.09	92,80 	92,80 	98,75 	98,75 
13.07.09	93,25 	92,18 	95,50 	92,50 
10.07.09	90,10 	89,70 	93,65 	93,65 
09.07.09	84,70 	84,15 	89,40 	89,40 
08.07.09	88,30 	84,00 	88,45 	85,25 
07.07.09	86,50 	85,50 	89,30 	88,40 
06.07.09	79,65 	79,33 	81,40 	81,40 
03.07.09	79,65 	79,65 	79,65 	79,65 
02.07.09	79,70 	79,25 	79,97 	79,40 
01.07.09	79,10 	78,30 	79,95 	79,40 
30.06.09	76,30 	76,30 	77,55 	77,55 
29.06.09	76,15 	75,70 	76,45 	75,95 
26.06.09	76,65 	76,25 	77,68 	76,25 
25.06.09	77,60 	76,20 	77,60 	76,20 
24.06.09	77,90 	77,45 	78,55 	77,70 
23.06.09	78,50 	76,30 	78,65 	77,40 
22.06.09	80,00 	79,50 	80,85 	79,50 
19.06.09	81,00 	80,00 	82,18 	80,00 
18.06.09	79,85 	79,85 	82,80 	81,20 
17.06.09	80,80 	79,65 	80,90 	79,65 
16.06.09	78,40 	76,75 	79,18 	77,90 
15.06.09	82,15 	77,50 	82,15 	78,50 
12.06.09	84,30 	81,10 	84,65 	81,10 
11.06.09	84,85 	83,80 	85,50 	84,25 
10.06.09	86,35 	85,00 	86,50 	85,05 
09.06.09	87,55 	86,00 	88,65 	86,35 
08.06.09	90,25 	87,25 	90,25 	87,45 
05.06.09	91,65 	89,85 	91,78 	90,50 
04.06.09	92,80 	91,15 	92,80 	91,60 
03.06.09	93,90 	92,75 	93,95 	92,75 
02.06.09	94,60 	92,55 	94,93 	94,00 
01.06.09	93,95 	93,95 	95,40 	94,50 
29.05.09	94,75 	93,75 	97,58 	93,75 
28.05.09	94,30 	93,40 	94,85 	94,75 
27.05.09	92,45 	92,25 	94,80 	94,25 
26.05.09	91,35 	90,65 	92,45 	92,45 
25.05.09	91,35 	91,35 	91,35 	91,35 
22.05.09	90,00 	89,83 	92,25 	92,10 
21.05.09	90,90 	88,65 	90,90 	90,10 
20.05.09	91,10 	90,40 	92,40 	90,60 
19.05.09	91,65 	90,25 	92,55 	91,10 
18.05.09	93,15 	89,50 	93,15 	91,30 
15.05.09	93,00 	92,25 	93,60 	93,60 
14.05.09	92,30 	91,20 	93,20 	93,05 
13.05.09	93,80 	91,20 	93,80 	93,60 
12.05.09	92,20 	92,20 	94,05 	93,80 
11.05.09	90,60 	90,35 	94,00 	92,50 
08.05.09	89,90 	89,83 	91,45 	90,70 
07.05.09	89,20 	89,20 	91,50 	89,55 
06.05.09	90,00 	88,75 	91,50 	89,50 
05.05.09	88,95 	88,95 	91,70 	90,30 
04.05.09	85,00 	84,88 	88,10 	88,10 
30.04.09	83,45 	81,85 	85,00 	83,60 
29.04.09	82,80 	82,05 	84,00 	83,65 
28.04.09	84,75 	82,00 	85,30 	82,45 
27.04.09	85,05 	83,85 	85,55 	84,50 
24.04.09	84,20 	84,20 	85,20 	85,00 
23.04.09	83,10 	83,10 	84,80 	84,45 
22.04.09	83,45 	82,00 	83,60 	83,00 
21.04.09	85,20 	83,50 	85,90 	83,50 
20.04.09	88,50 	85,50 	88,50 	86,85 
17.04.09	86,75 	86,48 	89,60 	88,60 
16.04.09	83,15 	81,80 	83,60 	83,60 
15.04.09	85,60 	82,95 	86,03 	82,95 
14.04.09	84,15 	83,08 	84,25 	83,65 
09.04.09	81,20 	80,60 	83,30 	83,30 
08.04.09	77,30 	77,00 	80,85 	80,85 
07.04.09	76,35 	75,40 	77,70 	77,50 
06.04.09	75,80 	75,00 	76,45 	76,40 
03.04.09	75,20 	74,85 	75,90 	75,80 
02.04.09	75,40 	74,58 	75,65 	75,25 
01.04.09	76,50 	73,65 	76,50 	75,25 
31.03.09	76,60 	76,00 	77,25 	76,65 
30.03.09	77,00 	75,80 	77,00 	76,95 
27.03.09	77,35 	76,25 	77,40 	77,00 
26.03.09	77,10 	75,70 	77,30 	77,25 
25.03.09	77,40 	76,10 	77,93 	76,90 
24.03.09	73,80 	73,78 	77,40 	77,35 
23.03.09	72,80 	72,40 	73,95 	73,95 
20.03.09	72,75 	72,00 	72,80 	72,65 
19.03.09	71,00 	71,00 	72,75 	72,50 
18.03.09	71,00 	70,75 	71,70 	71,00 
17.03.09	74,45 	70,80 	74,92 	70,80 
16.03.09	74,30 	74,00 	74,85 	74,50 
13.03.09	73,50 	73,43 	74,80 	74,30 
12.03.09	72,90 	72,55 	73,80 	73,50 
11.03.09	73,00 	72,28 	73,45 	72,90 
10.03.09	74,10 	72,60 	74,50 	73,00 
09.03.09	72,80 	72,30 	74,40 	74,25 
06.03.09	72,05 	71,90 	73,00 	72,80 
05.03.09	68,45 	68,45 	72,45 	72,45 
04.03.09	68,35 	67,70 	69,30 	68,45 
03.03.09	67,50 	67,50 	68,90 	68,60 
02.03.09	69,50 	67,40 	70,00 	67,50 
27.02.09	69,10 	67,65 	70,90 	69,65 
26.02.09	69,25 	68,05 	70,10 	69,85 
25.02.09	69,55 	69,23 	70,50 	69,25 
24.02.09	68,15 	67,30 	69,60 	69,50 
23.02.09	66,40 	65,50 	68,65 	67,90 
20.02.09	67,55 	66,25 	67,78 	66,30 
19.02.09	67,55 	67,00 	67,75 	67,55 
18.02.09	68,50 	67,50 	68,65 	67,55 
17.02.09	71,75 	68,30 	71,75 	68,50 
16.02.09	71,75 	71,75 	71,75 	71,75 
13.02.09	68,30 	67,55 	68,70 	67,80 
12.02.09	69,15 	67,75 	69,53 	68,60 
11.02.09	69,35 	68,65 	69,90 	69,15 
10.02.09	70,50 	69,30 	72,00 	69,35 
09.02.09	69,45 	69,27 	70,85 	70,60 
06.02.09	69,35 	69,35 	70,13 	69,45 
05.02.09	74,35 	68,85 	74,35 	69,50 
04.02.09	72,80 	72,80 	75,50 	75,00 
03.02.09	71,55 	71,20 	73,60 	72,80 
02.02.09	72,00 	70,75 	72,55 	71,70 
30.01.09	72,35 	71,45 	72,75 	72,20 
29.01.09	71,25 	71,25 	72,60 	72,35 
28.01.09	73,90 	71,25 	74,15 	71,25 
27.01.09	75,35 	73,60 	75,85 	74,00 
26.01.09	75,45 	75,00 	76,25 	75,35 
23.01.09	74,50 	73,60 	76,20 	75,45 
22.01.09	74,15 	74,15 	78,03 	75,40 
21.01.09	72,40 	72,40 	75,00 	74,50 
20.01.09	71,55 	71,50 	73,00 	72,40 
19.01.09	71,55 	71,55 	71,55 	71,55 
16.01.09	70,65 	70,65 	72,70 	71,60 
15.01.09	74,25 	70,30 	74,68 	70,65 
14.01.09	75,70 	73,80 	76,50 	74,25 
13.01.09	74,00 	73,50 	76,00 	75,50 
12.01.09	76,55 	74,00 	78,05 	74,00 
09.01.09	77,10 	76,55 	78,25 	77,05 
08.01.09	77,30 	76,38 	78,23 	76,95 
07.01.09	76,75 	75,50 	78,35 	77,30 
06.01.09	74,70 	74,70 	77,20 	76,75 
05.01.09	72,25 	70,88 	75,50 	74,70 
02.01.09	69,05 	68,43 	72,15 	71,75 
30.12.08	68,80 	68,50 	70,90 	70,55 
29.12.08	72,30 	68,60 	74,28 	69,05 
24.12.08	73,15 	72,00 	73,15 	72,95 
23.12.08	75,75 	73,00 	75,75 	73,45 
22.12.08	77,05 	74,85 	78,40 	75,75 
19.12.08	78,95 	75,80 	79,00 	77,45 
18.12.08	76,30 	76,20 	79,50 	78,75 
17.12.08	74,50 	73,25 	76,00 	75,35 
16.12.08	77,00 	72,75 	77,25 	74,50 
15.12.08	76,75 	75,75 	78,00 	77,00 
12.12.08	77,75 	76,30 	77,80 	77,30 
11.12.08	76,90 	76,65 	77,90 	77,75 
10.12.08	74,60 	74,60 	78,00 	76,85 
09.12.08	73,05 	73,05 	75,63 	74,70 
08.12.08	73,60 	71,30 	75,90 	73,05 
05.12.08	72,50 	71,95 	73,40 	73,30 
04.12.08	73,15 	72,50 	76,60 	74,50 
03.12.08	72,10 	71,25 	73,90 	73,90 
02.12.08	71,80 	71,58 	74,15 	72,10 
01.12.08	74,70 	71,30 	74,70 	71,80 
28.11.08	76,85 	74,60 	77,10 	74,70 
27.11.08	76,85 	76,85 	76,85 	76,85 
26.11.08	77,15 	76,35 	77,70 	76,40 
25.11.08	76,60 	76,55 	79,48 	77,15 
24.11.08	76,70 	76,10 	78,40 	76,50 
21.11.08	76,25 	76,25 	77,50 	77,20 
20.11.08	76,85 	75,90 	78,50 	76,20 
19.11.08	76,90 	76,40 	77,10 	76,65 
18.11.08	79,75 	76,55 	79,75 	77,25 
17.11.08	83,60 	78,40 	83,60 	79,25 
14.11.08	83,70 	82,45 	83,70 	83,50 
13.11.08	82,80 	82,80 	84,60 	83,70 
12.11.08	83,25 	82,10 	83,50 	83,00 
11.11.08	85,50 	82,25 	85,50 	83,30 
10.11.08	84,90 	84,60 	86,95 	84,70 
07.11.08	85,50 	83,85 	87,00 	87,00 
06.11.08	86,00 	85,20 	86,60 	85,50 
05.11.08	83,95 	82,00 	86,80 	86,00 
04.11.08	80,75 	80,75 	83,25 	82,05 
03.11.08	80,60 	80,33 	83,65 	80,95 
31.10.08	84,70 	80,75 	84,83 	81,00 
30.10.08	84,15 	83,40 	85,95 	84,65 
29.10.08	83,50 	81,80 	87,40 	82,50 
28.10.08	83,20 	82,55 	84,50 	82,85 
27.10.08	84,20 	81,45 	84,70 	83,20 
24.10.08	88,60 	83,00 	88,60 	85,75 
23.10.08	89,10 	88,05 	90,03 	88,05 
22.10.08	89,75 	87,98 	90,70 	89,10 
21.10.08	88,75 	86,70 	89,75 	89,75 
20.10.08	87,85 	87,15 	89,25 	88,40 
17.10.08	80,50 	80,00 	85,35 	83,85 
16.10.08	79,75 	78,25 	80,93 	80,30 
15.10.08	80,35 	78,50 	81,35 	79,65 
14.10.08	76,80 	76,80 	81,00 	81,00 
13.10.08	76,60 	76,58 	79,15 	77,50 
10.10.08	82,50 	74,20 	82,50 	76,20 
09.10.08	83,45 	81,50 	84,35 	81,50 
08.10.08	82,40 	82,40 	84,65 	82,95 
07.10.08	81,30 	81,30 	84,00 	82,60 
06.10.08	81,70 	81,00 	82,13 	81,30 
03.10.08	81,45 	80,40 	84,25 	81,65 
02.10.08	86,70 	80,85 	87,05 	81,00 
01.10.08	88,25 	85,75 	89,43 	86,95 
30.09.08	86,75 	85,25 	89,00 	88,50 
29.09.08	90,50 	86,65 	90,50 	86,95 
26.09.08	90,70 	89,53 	90,95 	90,50 
